566,31,1203.57,274.95,74.28,139.95,1,-1,-1,-1
567,31,1001.16,93.02,278.84,340.18,1,-1,-1,-1
568,31,920.42,7.97,359.58,370.33,1,-1,-1,-1
569,31,879.3,4.96,395.7,229.14,1,-1,-1,-1
570,31,855.18,3.23,359.32,174.17,1,-1,-1,-1
571,31,831.07,1.51,207.73,130.19,1,-1,-1,-1
572,31,813.8,1.51,115.2,55.89,1,-1,-1,-1
573,31,771.45,0.0,142.07,41.97,1,-1,-1,-1
574,31,744.9,0.0,142.07,39.1,1,-1,-1,-1
575,31,761.05,0.0,96.85,30.49,1,-1,-1,-1
669,33,124.88,358.92,104.43,149.64,1,-1,-1,-1
670,33,125.75,282.71,170.31,204.32,1,-1,-1,-1
671,33,126.61,206.5,236.21,259.0,1,-1,-1,-1
672,33,111.7,142.12,320.89,309.18,1,-1,-1,-1
673,33,210.33,89.6,302.97,296.2,1,-1,-1,-1
674,33,308.97,37.0,269.16,233.6,1,-1,-1,-1
675,33,356.34,0.0,269.16,227.54,1,-1,-1,-1
676,33,432.8,0.0,216.38,144.7,1,-1,-1,-1
677,33,512.5,0.0,136.68,86.6,1,-1,-1,-1
678,33,557.7,0.0,91.48,45.7,1,-1,-1,-1
695,35,940.9,0.0,69.97,27.35,1,-1,-1,-1
696,35,958.12,0.0,89.37,43.12,1,-1,-1,-1
697,35,970.68,0.0,123.82,51.0,1,-1,-1,-1
698,35,978.58,0.0,173.32,51.0,1,-1,-1,-1
699,35,999.03,0.0,173.32,51.0,1,-1,-1,-1
700,35,1058.7,0.0,124.43,66.52,1,-1,-1,-1
701,35,1058.64,0.99,144.21,82.04,1,-1,-1,-1
702,35,1062.58,0.0,139.77,94.25,1,-1,-1,-1
703,35,1072.5,0.0,125.51,89.8,1,-1,-1,-1
704,35,996.88,0.0,200.27,89.8,1,-1,-1,-1
705,35,1057.17,0.0,173.12,74.28,1,-1,-1,-1
706,35,1117.46,0.0,145.97,58.76,1,-1,-1,-1
718,37,1006.57,164.07,260.52,554.41,1,-1,-1,-1
719,37,615.78,168.38,564.12,549.78,1,-1,-1,-1
720,37,302.51,229.7,718.09,490.3,1,-1,-1,-1
721,37,208.88,301.8,812.8,413.89,1,-1,-1,-1
722,37,155.06,223.2,642.74,404.2,1,-1,-1,-1
723,37,126.21,227.51,549.71,353.37,1,-1,-1,-1
724,37,97.36,231.82,456.68,302.54,1,-1,-1,-1
725,37,82.93,247.44,359.02,234.06,1,-1,-1,-1
726,37,87.02,249.26,279.46,173.36,1,-1,-1,-1
727,37,95.2,225.98,222.64,138.08,1,-1,-1,-1
728,37,103.38,202.7,165.82,102.8,1,-1,-1,-1
729,37,101.39,154.0,106.81,130.0,1,-1,-1,-1
730,37,102.72,186.47,91.62,201.23,1,-1,-1,-1
731,37,103.38,222.97,117.52,286.47,1,-1,-1,-1
732,37,103.38,263.52,184.52,262.0,1,-1,-1,-1
733,37,103.38,282.5,251.52,259.1,1,-1,-1,-1
734,37,103.38,303.9,208.92,197.5,1,-1,-1,-1
735,37,144.29,299.59,211.11,140.5,1,-1,-1,-1
736,37,148.6,160.71,234.25,230.39,1,-1,-1,-1
737,37,152.91,21.84,257.39,320.26,1,-1,-1,-1
738,37,167.98,0.0,250.4,256.0,1,-1,-1,-1
739,37,207.27,0.0,243.42,177.95,1,-1,-1,-1
740,37,285.86,0.0,243.42,148.85,1,-1,-1,-1
741,37,348.56,0.0,258.12,134.3,1,-1,-1,-1
742,37,395.38,0.0,287.52,134.3,1,-1,-1,-1
743,37,442.2,0.0,316.92,134.3,1,-1,-1,-1
744,37,523.7,0.0,335.2,133.87,1,-1,-1,-1
745,37,560.83,0.0,318.39,133.44,1,-1,-1,-1
746,37,592.71,0.0,279.45,128.06,1,-1,-1,-1
747,37,619.34,0.0,218.39,117.73,1,-1,-1,-1
748,37,645.96,0.0,157.34,107.4,1,-1,-1,-1
749,37,637.35,0.0,193.95,89.32,1,-1,-1,-1
750,37,628.74,0.0,230.56,71.24,1,-1,-1,-1
751,37,634.12,0.0,268.68,75.76,1,-1,-1,-1
752,37,653.51,0.0,308.29,102.88,1,-1,-1,-1
753,37,672.9,0.0,347.9,130.0,1,-1,-1,-1
754,37,711.66,0.0,338.42,135.16,1,-1,-1,-1
755,37,750.41,0.0,328.95,140.32,1,-1,-1,-1
756,37,786.05,0.0,320.33,142.69,1,-1,-1,-1
757,37,818.56,0.0,312.58,142.25,1,-1,-1,-1
758,37,851.07,0.0,304.83,141.82,1,-1,-1,-1
759,37,883.58,0.0,297.08,141.4,1,-1,-1,-1
760,37,916.09,0.0,289.33,140.97,1,-1,-1,-1
761,37,928.29,0.0,293.64,151.26,1,-1,-1,-1
762,37,920.16,0.0,310.02,172.29,1,-1,-1,-1
763,37,953.8,0.0,284.63,161.24,1,-1,-1,-1
764,37,993.87,0.0,251.06,120.08,1,-1,-1,-1
765,37,998.6,0.0,251.06,80.89,1,-1,-1,-1
766,37,1003.34,0.0,251.06,41.71,1,-1,-1,-1
767,37,1003.34,0.0,251.06,41.71,1,-1,-1,-1
772,70,1084.69,0.0,178.81,393.35,1,-1,-1,-1
773,70,875.9,0.0,387.6,393.35,1,-1,-1,-1
774,70,671.9,0.0,591.6,318.4,1,-1,-1,-1
775,70,130.5,0.0,1133.0,315.0,1,-1,-1,-1
776,70,126.63,0.0,1153.37,404.9,1,-1,-1,-1
777,70,126.63,0.0,1153.37,557.6,1,-1,-1,-1
778,70,126.63,0.0,1153.37,636.9,1,-1,-1,-1
779,70,126.63,10.15,1153.37,635.45,1,-1,-1,-1
780,70,126.63,20.3,1153.37,634.0,1,-1,-1,-1
781,70,94.74,169.0,846.36,444.6,1,-1,-1,-1
782,70,94.74,136.69,454.86,349.51,1,-1,-1,-1
783,70,94.74,96.2,269.16,174.5,1,-1,-1,-1
784,70,106.58,76.8,181.92,108.8,1,-1,-1,-1
785,70,106.58,76.8,169.02,107.7,1,-1,-1,-1
786,70,102.26,106.94,126.99,107.7,1,-1,-1,-1
787,70,100.1,128.25,146.01,103.18,1,-1,-1,-1
788,70,100.1,140.72,171.0,94.14,1,-1,-1,-1
789,70,100.1,153.2,196.0,85.1,1,-1,-1,-1
790,70,100.1,144.16,169.32,110.94,1,-1,-1,-1
791,70,100.1,135.12,142.64,136.78,1,-1,-1,-1
792,70,100.1,131.4,125.85,195.4,1,-1,-1,-1
793,70,100.1,88.13,183.0,281.44,1,-1,-1,-1
794,70,100.1,0.0,402.7,362.1,1,-1,-1,-1
795,70,247.58,0.0,820.42,288.9,1,-1,-1,-1
796,70,206.2,0.0,1073.8,705.8,1,-1,-1,-1
797,70,387.5,0.0,892.5,715.2,1,-1,-1,-1
798,70,345.17,1.43,825.76,715.2,1,-1,-1,-1
799,70,310.0,2.15,770.08,715.2,1,-1,-1,-1
800,70,282.0,2.15,725.42,715.2,1,-1,-1,-1
801,70,329.37,56.51,623.98,662.16,1,-1,-1,-1
802,70,445.6,234.7,463.1,485.3,1,-1,-1,-1
803,70,509.34,293.65,415.03,426.35,1,-1,-1,-1
804,70,573.07,302.75,448.18,417.25,1,-1,-1,-1
805,70,619.84,287.94,558.49,431.21,1,-1,-1,-1
806,70,649.66,232.82,583.51,456.62,1,-1,-1,-1
807,70,737.34,183.09,542.66,468.01,1,-1,-1,-1
808,70,811.62,183.09,468.38,364.41,1,-1,-1,-1
809,70,885.9,183.09,394.1,260.81,1,-1,-1,-1
810,70,1077.49,179.34,198.21,212.81,1,-1,-1,-1
