  Rank       HOTA    fuse_score    match_thresh    new_track_scaling_factor    track_buffer    track_high_scaling_factor    track_low_thresh  tracker_type
------  ---------  ------------  --------------  --------------------------  --------------  ---------------------------  ------------------  --------------
     0  0.648695              0      5.14987                    0.279717                 43                  0.000137113         0.452865     bytetrack
     1  0.648471              0      9.99773                    0.39922                  26                  4.82716e-05         0.306588     bytetrack
     2  0.648082              0      2.79485                    0.372238                 29                  0.0946485           0.29393      bytetrack
     3  0.647905              1      9.99877                    0.35155                  60                  4.82716e-05         0.425665     bytetrack
     4  0.647383              0      4.43643                    0.47845                  29                  0.424596            0.134984     bytetrack
     5  0.647156              0      5.07747                    1.05045e-05              46                  0.0254913           0.30976      bytetrack
     6  0.646962              0      3.93833                    0.122392                 60                  0.241377            0.230907     bytetrack
     7  0.646936              1      3.81054                    0.561081                 42                  0.587507            0.0573738    bytetrack
     8  0.646824              1      8.51277                    0.502524                 27                  0.134747            0.38874      bytetrack
     9  0.64676               1      6.31062                    0.609285                 41                  0.353867            0.153396     bytetrack
    10  0.646733              0      5.27134                    0.180928                 37                  0.000137113         0.557075     bytetrack
    11  0.646667              1      9.99873                    0.442977                 23                  0.182759            0.438747     bytetrack
    12  0.646645              1      7.15436                    0.46645                  46                  0.0896049           0.205522     bytetrack
    13  0.64635               0      3.83198                    8.6686e-05               60                  4.06988e-05         0.575447     bytetrack
    14  0.646071              1      8.48514                    0.648861                 39                  0.483112            0.137076     bytetrack
    15  0.646065              1      9.84559                    0.657987                 33                  0.346638            0.249349     bytetrack
    16  0.645928              1      9.82633                    0.67826                  28                  0.477201            0.0724247    bytetrack
    17  0.645843              0      7.29065                    0.329006                 44                  0.000151312         0.491792     bytetrack
    18  0.64581               1      9.99865                    0.696845                 55                  0.42789             0.132939     bytetrack
    19  0.645704              0      3.96904                    0.0477858                38                  0.324896            0.484113     bytetrack
    20  0.645454              0      2.70743                    0.153769                 41                  8.6918e-05          0.615825     bytetrack
    21  0.645448              0      3.22413                    0.383658                 57                  0.306546            0.104195     bytetrack
    22  0.645356              0      3.72988                    0.000151054              60                  0.357353            0.0548301    bytetrack
    23  0.645136              1      9.99952                    0.574159                 47                  0.0227576           0.421467     bytetrack
    24  0.645043              1      9.99994                    0.418179                 52                  0.323056            0.491685     bytetrack
    25  0.643948              1      4.56208                    0.565421                 60                  0.591983            0.000448755  bytetrack
    26  0.643579              1      9.58735                    0.525482                 60                  0.622705            0.201187     bytetrack
    27  0.643079              0      5.76347                    0.264821                 36                  0.000151312         0.64961      bytetrack
    28  0.642245              1      9.99963                    0.514269                 41                  0.000294107         0.126292     bytetrack
    29  0.640857              1      6.53301                    0.510491                 52                  0.400964            0.00014199   bytetrack
    30  0.640849              0      6.08182                    0.519636                 34                  0.162872            0.0195325    bytetrack
    31  0.640653              1      9.98574                    0.238945                 60                  0.000137113         0.677394     bytetrack
    32  0.639042              0      4.18364                    0.107165                 42                  4.11767e-05         0.704997     bytetrack
    33  0.635729              0      4.19389                    0.198288                 39                  1.68072e-05         0.103131     bytetrack
    34  0.634786              0      5.62811                    0.368676                 60                  0.000106657         0.133279     bytetrack
    35  0.633602              1      5.33387                    0.61134                  56                  0.0708872           0.022364     bytetrack
    36  0.633158              0      7.23642                    0.114941                 60                  6.25803e-05         0.130431     bytetrack
    37  0.630012              1      6.48803                    0.659664                 56                  0.765831            0.000103353  bytetrack
    38  0.626238              0      8.11049                    0.415389                 19                  0.000195141         0.382363     bytetrack
    39  0.624001              0      4.17675                    0.0602234                21                  0.000151312         0.611269     bytetrack
    40  0.62307               0      3.77315                    0.436785                  6                  4.16635e-05         0.266084     bytetrack
    41  0.622921              0      2.76601                    0.627171                  4                  0.130584            0.23802      bytetrack
    42  0.622472              0      8.91244                    0.410525                 21                  0.182387            0.568773     bytetrack
    43  0.621487              0      2.61683                    0.375642                  7                  0.354062            0.0879612    bytetrack
    44  0.620618              1      8.37798                    0.721458                 27                  0.0147754           0.000353868  bytetrack
    45  0.619394              0      1.49472                    0.385483                 15                  0.0611717           0.0486312    bytetrack
    46  0.618984              0      7.25297                    0.563621                  9                  0.191127            0.277273     bytetrack
    47  0.618225              0      8.11758                    0.244552                  5                  0.00030719          0.185441     bytetrack
    48  0.609931              1      9.99697                    0.570538                 60                  0.58733             0.52647      bytetrack
    49  0.603948              0      3.43058                    0.156092                 25                  0.0334395           0.78115      bytetrack
    50  0.59441               1      8.22116                    0.755105                 31                  0.688862            0.346892     bytetrack
    51  0.593982              1      5.54233                    0.609132                  1                  0.000271069         0.000210469  bytetrack
    52  0.577089              1      9.99955                    0.45079                  46                  0.210774            0.736728     bytetrack
    53  0.55442               1      9.99988                    0.840611                 49                  0.09121             0.262704     bytetrack
    54  0.529162              0      3.14823                    0.270143                 16                  0.000188296         0.00070261   bytetrack
    55  0.5124                1      7.63354                    0.274252                 55                  0.600522            0.640058     bytetrack
    56  0.403946              0      9.99872                    0.000416567              26                  0.000191123         0.000110499  bytetrack
    57  0.393551              0      6.58256                    0.702439                 53                  0.259421            0.717005     bytetrack
    58  0.388533              1      2.83082                    0.887938                 17                  0.359715            0.269179     bytetrack
    59  0.385517              0      4.92833                    0.293354                 35                  0.761717            0.5536       bytetrack
    60  0.344898              0      1.97315                    0.569617                 10                  0.680274            0.670539     bytetrack
    61  0.172899              1      6.20568                    0.107508                 13                  0.86134             0.495566     bytetrack
    62  0.148144              0      9.97615                    0.921557                 31                  0.10084             0.292546     bytetrack
    63  0.116621              0      0.00235391                 0.585888                 21                  0.000229366         0.000140548  bytetrack
    64  0.11647               1      0.190045                   0.224683                 57                  0.190671            0.386652     bytetrack
    65  0.112188              0      0.00945578                 0.0301497                 4                  0.000186829         0.701076     bytetrack
    66  0.0919381             1      8.27004                    0.677703                 49                  0.441122            0.814803     bytetrack
    67  0                     0      1.07331                    0.989236                 49                  0.391952            0.882512     bytetrack
    68  0                     1      1.76386                    0.333621                  3                  0.979482            0.159178     bytetrack
    69  0                     0      5.05757                    0.872069                  6                  0.531646            0.991304     bytetrack
    70  0                     0      8.04014                    0.0232666                39                  0.893562            0.858741     bytetrack
    71  0                     0      5.82163                    0.281692                 13                  3.18473e-05         0.999632     bytetrack
    72  0                     0      6.56111                    0.997875                 35                  0.653731            0.336563     bytetrack
    73  0                     1      1.22323                    0.484196                 52                  0.296834            0.96327      bytetrack
    74  0                     1      9.99579                    0.513666                  1                  0.999831            0.00014445   bytetrack