  Rank      HOTA    fuse_score    match_thresh    new_track_scaling_factor    track_buffer    track_high_scaling_factor    track_low_thresh  tracker_type
------  --------  ------------  --------------  --------------------------  --------------  ---------------------------  ------------------  --------------
     0  0.617573             0      4.94829                    0.230779                 46                  0.400942            0.238217     bytetrack
     1  0.616882             0      5.30272                    0.486198                 23                  0.205053            0.239827     bytetrack
     2  0.616715             0      5.33832                    0.360078                 19                  0.291468            0.194684     bytetrack
     3  0.616696             0      6.70737                    0.413988                 39                  0.0901138           0.367948     bytetrack
     4  0.616677             0      7.83816                    0.267725                 16                  3.15921e-06         0.292337     bytetrack
     5  0.616503             0      9.99977                    0.335704                 23                  0.171903            0.303937     bytetrack
     6  0.616498             0      7.41533                    0.331242                 28                  0.181878            0.167845     bytetrack
     7  0.616392             0      4.68788                    0.137953                 39                  0.163696            0.434981     bytetrack
     8  0.616302             0      8.2241                     0.163577                 60                  0.41174             0.159374     bytetrack
     9  0.616219             0      6.42981                    0.0822052                32                  0.31454             0.223245     bytetrack
    10  0.616129             0      8.94807                    9.99684e-05              16                  0.0722134           0.475035     bytetrack
    11  0.615841             0      3.11484                    0.430695                 26                  0.123857            0.330949     bytetrack
    12  0.61584              0      1.73347                    0.511665                 25                  0.203087            0.171971     bytetrack
    13  0.615598             1      9.99986                    0.257742                 44                  0.0288508           0.516047     bytetrack
    14  0.615463             1      8.39483                    0.539787                 40                  0.318754            0.227862     bytetrack
    15  0.615457             1      9.99848                    0.337097                 60                  0.457633            0.231116     bytetrack
    16  0.615331             0      4.14034                    0.427286                 48                  0.241068            0.0559993    bytetrack
    17  0.615286             1      9.99986                    0.437148                 34                  0.205882            0.263905     bytetrack
    18  0.615087             0      2.68672                    0.257241                 53                  0.500868            0.0275666    bytetrack
    19  0.614822             1      7.15436                    0.46645                  46                  0.0896049           0.205522     bytetrack
    20  0.614716             0      7.32066                    0.21901                  20                  0.126053            0.491119     bytetrack
    21  0.614624             0      9.99466                    0.25982                  37                  8.43101e-05         0.544085     bytetrack
    22  0.614365             1      6.9996                     0.569934                 37                  0.513842            0.167084     bytetrack
    23  0.614275             0      3.06372                    0.523933                 27                  0.301234            0.0329385    bytetrack
    24  0.614218             0      8.93085                    0.52627                  25                  0.0700473           0.263469     bytetrack
    25  0.613884             1      9.99901                    0.485813                 51                  3.83328e-07         0.241307     bytetrack
    26  0.613824             1      9.82633                    0.67826                  28                  0.477201            0.0724247    bytetrack
    27  0.613687             1      9.99801                    0.57488                  60                  0.286698            0.0219044    bytetrack
    28  0.613159             1      5.81016                    0.631791                 40                  0.294434            0.0369527    bytetrack
    29  0.613105             0      6.45321                    0.144356                 32                  2.72615e-06         0.62875      bytetrack
    30  0.612969             0      9.99922                    0.3155                   60                  0.260213            0.497768     bytetrack
    31  0.612559             1      3.81054                    0.561081                 42                  0.587507            0.0573738    bytetrack
    32  0.612431             0      3.96904                    0.0477858                38                  0.324896            0.484113     bytetrack
    33  0.612088             0      4.54697                    4.76464e-05              60                  0.418334            0.000552394  bytetrack
    34  0.61187              1      9.99964                    0.516482                 54                  0.330715            0.438712     bytetrack
    35  0.611474             0      4.65897                    0.565369                 34                  0.295315            0.000118097  bytetrack
    36  0.611375             1      5.05357                    0.478768                 44                  0.454752            0.000264475  bytetrack
    37  0.61073              0      8.91244                    0.410525                 21                  0.182387            0.568773     bytetrack
    38  0.610265             1      5.95708                    0.556094                 60                  0.595371            0.000238381  bytetrack
    39  0.609549             1      9.29038                    0.626481                 41                  0.590204            0.000120987  bytetrack
    40  0.607425             0      3.90429                    0.449624                 17                  0.163931            0.000114015  bytetrack
    41  0.599632             1      9.99971                    0.375705                 36                  8.40554e-05         0.703916     bytetrack
    42  0.598493             0      5.79894                    0.0758129                32                  0.0590065           0.0735874    bytetrack
    43  0.597861             1      9.99987                    0.567052                 11                  0.115234            0.323514     bytetrack
    44  0.596833             0      2.81716                    0.513139                 12                  0.23337             0.249961     bytetrack
    45  0.594416             0      7.51852                    0.00928632                1                  0.114785            0.274157     bytetrack
    46  0.594398             1      9.9984                     0.759705                 51                  0.0382774           0.000313     bytetrack
    47  0.592316             0      2.76601                    0.627171                  4                  0.130584            0.23802      bytetrack
    48  0.584593             0      9.99937                    0.547939                  1                  0.225372            0.000271174  bytetrack
    49  0.584459             0      7.20113                    0.112764                  1                  5.46567e-06         0.640994     bytetrack
    50  0.574968             1      7.41661                    0.563545                  1                  0.0160147           0.000195442  bytetrack
    51  0.572534             0      3.43058                    0.156092                 25                  0.0334395           0.78115      bytetrack
    52  0.570251             0      8.45425                    1.25147e-05              24                  0.20215             0.749051     bytetrack
    53  0.557091             1      8.22116                    0.755105                 31                  0.688862            0.346892     bytetrack
    54  0.52618              0      3.2339                     0.512982                  1                  0.000730781         0.000110995  bytetrack
    55  0.49553              0      9.99891                    0.000524976               1                  0.000514191         0.000612079  bytetrack
    56  0.471513             1      7.63354                    0.274252                 55                  0.600522            0.640058     bytetrack
    57  0.357673             0      6.58256                    0.702439                 53                  0.259421            0.717005     bytetrack
    58  0.356048             1      2.83082                    0.887938                 17                  0.359715            0.269179     bytetrack
    59  0.328969             0      4.92833                    0.293354                 35                  0.761717            0.5536       bytetrack
    60  0.305715             0      7.33497                    0.609439                  1                  0.0865974           0.788338     bytetrack
    61  0.292342             0      1.97315                    0.569617                 10                  0.680274            0.670539     bytetrack
    62  0.154552             1      8.27004                    0.677703                 49                  0.441122            0.814803     bytetrack
    63  0.134284             0      0.0040439                  1.72076e-05               1                  1.61016e-05         0.44521      bytetrack
    64  0.13292              0      0.00186731                 0.723639                 19                  0.000149616         0.000330225  bytetrack
    65  0.132815             1      0.190045                   0.224683                 57                  0.190671            0.386652     bytetrack
    66  0.113271             1      6.20568                    0.107508                 13                  0.86134             0.495566     bytetrack
    67  0                    0      1.07331                    0.989236                 49                  0.391952            0.882512     bytetrack
    68  0                    1      1.76386                    0.333621                  3                  0.979482            0.159178     bytetrack
    69  0                    0      5.05757                    0.872069                  6                  0.531646            0.991304     bytetrack
    70  0                    0      8.04014                    0.0232666                39                  0.893562            0.858741     bytetrack
    71  0                    0      6.56111                    0.997875                 35                  0.653731            0.336563     bytetrack
    72  0                    1      1.22323                    0.484196                 52                  0.296834            0.96327      bytetrack
    73  0                    1      9.99324                    0.859268                 60                  0.999975            0.000108759  bytetrack
    74  0                    0      9.99667                    0.000900632              60                  5.06749e-05         0.998349     bytetrack