  Rank       HOTA    fuse_score    match_thresh    new_track_scaling_factor    track_buffer    track_high_scaling_factor    track_low_thresh  tracker_type
------  ---------  ------------  --------------  --------------------------  --------------  ---------------------------  ------------------  --------------
     0  0.588673              1       4.61512                   0.580144                 46                  0.424818            0.0182041    bytetrack
     1  0.588367              0       4.43561                   0.101907                 34                  0.107365            0.329326     bytetrack
     2  0.588329              1       5.63351                   0.137094                 60                  0.457551            0.000345954  bytetrack
     3  0.58803               0       4.02702                   0.146188                 56                  2.165e-06           0.36292      bytetrack
     4  0.58782               0       3.98056                   0.000112945              37                  0.433439            0.115255     bytetrack
     5  0.587706              0       3.95885                   0.311554                 28                  0.268247            0.26571      bytetrack
     6  0.5875                0       5.01047                   0.320781                 60                  0.456254            0.106457     bytetrack
     7  0.586676              0       6.92145                   0.253817                 28                  0.384692            0.000103587  bytetrack
     8  0.586672              1       7.15436                   0.46645                  46                  0.0896049           0.205522     bytetrack
     9  0.586396              0       4.32924                   0.66452                  39                  0.539715            0.0228778    bytetrack
    10  0.586303              1       9.70793                   0.319925                 60                  7.04789e-05         0.419025     bytetrack
    11  0.586239              1       4.47403                   0.381588                 47                  0.490783            0.000125089  bytetrack
    12  0.586005              1       8.30954                   0.114204                 44                  0.342769            0.000103587  bytetrack
    13  0.585901              0       8.0409                    0.489452                 25                  0.159616            0.347035     bytetrack
    14  0.585807              1       7.41334                   0.573213                 50                  0.434167            0.14218      bytetrack
    15  0.585606              1       3.81054                   0.561081                 42                  0.587507            0.0573738    bytetrack
    16  0.585322              0       9.43272                   0.476141                 38                  0.0608619           0.361097     bytetrack
    17  0.585203              0       8.3634                    0.472552                 25                  0.000522215         0.400977     bytetrack
    18  0.585142              0       3.67125                   0.189745                 44                  0.00354027          0.567976     bytetrack
    19  0.585028              0       3.7839                    0.244162                 29                  4.46149e-05         0.17228      bytetrack
    20  0.584923              1       9.82633                   0.67826                  28                  0.477201            0.0724247    bytetrack
    21  0.584865              1       7.54251                   0.294423                 60                  0.281758            0.000103587  bytetrack
    22  0.584229              1       8.46004                   0.609228                 60                  0.35741             0.215247     bytetrack
    23  0.584011              1       9.99976                   0.529688                 23                  0.078325            0.272933     bytetrack
    24  0.583906              0       6.81335                   0.39525                  60                  0.0743825           0.435118     bytetrack
    25  0.583758              1       8.5687                    0.581278                 27                  0.506654            0.199626     bytetrack
    26  0.582998              0       3.72185                   0.485733                 39                  0.648821            0.000106866  bytetrack
    27  0.58291               0       8.9158                    0.285863                 48                  2.12617e-05         0.155488     bytetrack
    28  0.582732              0       4.12761                   0.103396                 28                  0.000278998         0.628947     bytetrack
    29  0.582655              1       5.43931                   0.595088                 16                  0.189687            0.0405885    bytetrack
    30  0.582588              0       9.98799                   0.429434                 60                  7.04789e-05         0.533767     bytetrack
    31  0.582501              0       3.96904                   0.0477858                38                  0.324896            0.484113     bytetrack
    32  0.581407              0       7.34656                   0.584176                 14                  4.24756e-05         0.43695      bytetrack
    33  0.581361              1       8.2701                    0.661768                 32                  3.3703e-05          0.194631     bytetrack
    34  0.581134              1       4.36091                   0.76485                  38                  0.522875            0.000577994  bytetrack
    35  0.58079               1       5.01784                   0.697424                 55                  0.317587            0.000110976  bytetrack
    36  0.580788              1       8.65357                   0.540044                 23                  0.308352            0.428855     bytetrack
    37  0.580755              0       8.91244                   0.410525                 21                  0.182387            0.568773     bytetrack
    38  0.580672              1       4.79865                   0.62243                  41                  0.709977            0.000119307  bytetrack
    39  0.580014              0       6.25976                   0.487646                 22                  1.84748e-05         0.0709564    bytetrack
    40  0.5773                1       9.99512                   0.576281                 52                  0.000228931         0.504288     bytetrack
    41  0.574598              1       4.196                     0.643602                 60                  0.747009            0.000475935  bytetrack
    42  0.568878              0       3.94197                   0.0141623                35                  1.03299e-05         0.117531     bytetrack
    43  0.565923              0       9.99523                   0.444785                 10                  0.224711            0.342906     bytetrack
    44  0.564433              0       3.54389                   0.0621675                 1                  0.000145772         0.349789     bytetrack
    45  0.563745              0       5.32158                   0.430927                  1                  0.000103128         0.269456     bytetrack
    46  0.562501              0       9.95137                   0.55457                  16                  8.28843e-05         0.613956     bytetrack
    47  0.558974              0       8.07384                   0.539726                 10                  8.02356e-05         0.0543327    bytetrack
    48  0.557674              0       4.24078                   0.610323                  1                  0.491061            0.000161092  bytetrack
    49  0.55189               0       2.76601                   0.627171                  4                  0.130584            0.23802      bytetrack
    50  0.542289              0       3.43058                   0.156092                 25                  0.0334395           0.78115      bytetrack
    51  0.537623              1       9.99741                   0.376954                 39                  0.000446738         0.000123997  bytetrack
    52  0.523511              1       8.22116                   0.755105                 31                  0.688862            0.346892     bytetrack
    53  0.513703              1       9.99987                   0.501872                 60                  0.706428            0.383657     bytetrack
    54  0.495747              1       6.80186                   0.849562                 11                  4.19689e-05         0.000300474  bytetrack
    55  0.494222              1       9.99917                   0.000479223              60                  0.000492056         0.000300171  bytetrack
    56  0.493066              0       3.93387                   0.548595                 35                  0.000184471         0.000197057  bytetrack
    57  0.468961              0       6.85397                   6.78294e-06              60                  0.000252744         0.00104986   bytetrack
    58  0.434301              1       7.63354                   0.274252                 55                  0.600522            0.640058     bytetrack
    59  0.343888              1       2.83082                   0.887938                 17                  0.359715            0.269179     bytetrack
    60  0.33281               0       6.58256                   0.702439                 53                  0.259421            0.717005     bytetrack
    61  0.307887              0       4.92833                   0.293354                 35                  0.761717            0.5536       bytetrack
    62  0.267517              0       1.97315                   0.569617                 10                  0.680274            0.670539     bytetrack
    63  0.142732              0       0.0183244                 0.000544644              20                  0.000404876         0.738246     bytetrack
    64  0.141923              0       6.7795                    0.307232                 13                  2.27683e-05         0.898494     bytetrack
    65  0.141759              1       0.190045                  0.224683                 57                  0.190671            0.386652     bytetrack
    66  0.0825796             1       6.20568                   0.107508                 13                  0.86134             0.495566     bytetrack
    67  0.0685592             1       8.27004                   0.677703                 49                  0.441122            0.814803     bytetrack
    68  0                     0       1.07331                   0.989236                 49                  0.391952            0.882512     bytetrack
    69  0                     1       1.76386                   0.333621                  3                  0.979482            0.159178     bytetrack
    70  0                     0       5.05757                   0.872069                  6                  0.531646            0.991304     bytetrack
    71  0                     0       8.04014                   0.0232666                39                  0.893562            0.858741     bytetrack
    72  0                     0       6.56111                   0.997875                 35                  0.653731            0.336563     bytetrack
    73  0                     1       1.22323                   0.484196                 52                  0.296834            0.96327      bytetrack
    74  0                     1       9.9998                    0.999687                 19                  0.311117            0.578909     bytetrack