1,16,1160.1,12.5,50.3,43.75,1,-1,-1,-1
2,16,1161.1,11.9,52.12,44.66,1,-1,-1,-1
3,16,1160.0,12.2,56.04,44.67,1,-1,-1,-1
4,16,1159.75,14.02,56.85,39.58,1,-1,-1,-1
5,16,1172.52,16.46,45.98,40.39,1,-1,-1,-1
6,16,1185.29,18.91,35.11,41.19,1,-1,-1,-1
7,16,1190.9,24.2,40.81,43.33,1,-1,-1,-1
8,16,1190.32,30.56,49.38,45.14,1,-1,-1,-1
9,16,1189.91,34.98,53.89,46.27,1,-1,-1,-1
10,16,1189.5,39.4,58.4,47.4,1,-1,-1,-1
11,16,1197.3,51.6,51.33,41.62,1,-1,-1,-1
12,16,1208.7,46.6,44.79,50.85,1,-1,-1,-1
13,16,1214.95,50.15,43.39,51.53,1,-1,-1,-1
14,16,1221.2,53.7,42.0,52.21,1,-1,-1,-1
15,16,1222.8,60.2,45.26,49.95,1,-1,-1,-1
16,16,1226.2,64.0,41.86,50.38,1,-1,-1,-1
17,16,1227.65,67.85,40.41,50.76,1,-1,-1,-1
18,16,1229.1,71.7,38.96,51.14,1,-1,-1,-1
19,16,1227.1,73.5,40.96,53.57,1,-1,-1,-1
20,16,1226.5,75.8,48.68,56.53,1,-1,-1,-1
21,16,1223.3,83.3,52.91,60.38,1,-1,-1,-1
22,16,1227.75,89.55,52.53,62.43,1,-1,-1,-1
23,16,1232.2,95.8,52.15,64.49,1,-1,-1,-1
24,16,1232.4,105.8,53.36,61.54,1,-1,-1,-1
25,16,1230.7,111.0,56.47,63.39,1,-1,-1,-1
26,16,1229.3,116.8,59.29,64.64,1,-1,-1,-1
27,16,1229.1,117.4,60.9,71.09,1,-1,-1,-1
28,16,1229.35,120.35,63.68,72.27,1,-1,-1,-1
29,16,1229.6,123.3,66.47,73.46,1,-1,-1,-1
30,16,1230.9,124.8,68.2,76.1,1,-1,-1,-1
31,16,1254.27,151.93,52.03,57.27,1,-1,-1,-1
32,16,1254.8,149.0,59.35,67.1,1,-1,-1,-1
33,16,1258.03,155.69,63.97,67.31,1,-1,-1,-1
34,16,1256.78,161.64,68.97,66.36,1,-1,-1,-1
35,16,1255.52,167.6,73.98,65.4,1,-1,-1,-1
36,16,1253.1,172.7,81.2,63.0,1,-1,-1,-1
37,16,1270.29,181.12,68.81,57.28,1,-1,-1,-1
38,16,1287.48,189.53,56.42,51.57,1,-1,-1,-1
39,16,1292.49,187.97,61.11,55.33,1,-1,-1,-1
40,16,1297.51,186.4,65.79,59.1,1,-1,-1,-1
41,16,1295.47,186.71,71.13,60.67,1,-1,-1,-1
42,16,1293.43,187.03,76.47,62.22,1,-1,-1,-1
43,16,1291.4,187.34,81.8,63.78,1,-1,-1,-1
44,16,1289.36,187.65,87.14,65.35,1,-1,-1,-1
45,16,1302.21,191.57,78.84,63.0,1,-1,-1,-1
46,16,1315.06,195.49,70.54,60.66,1,-1,-1,-1
47,16,1327.91,199.4,62.24,58.33,1,-1,-1,-1
48,16,1340.76,203.32,53.94,55.98,1,-1,-1,-1
49,16,1338.97,203.49,57.4,55.61,1,-1,-1,-1
50,16,1337.17,203.66,60.86,55.24,1,-1,-1,-1
51,16,1335.38,203.83,64.32,54.87,1,-1,-1,-1
52,16,1337.05,196.94,65.27,55.32,1,-1,-1,-1
53,16,1338.72,190.04,66.23,55.77,1,-1,-1,-1
54,16,1340.39,183.15,67.18,56.22,1,-1,-1,-1
55,16,1342.05,176.26,68.15,56.67,1,-1,-1,-1
56,16,1343.72,169.37,69.1,57.12,1,-1,-1,-1
57,16,1345.39,162.47,70.06,57.57,1,-1,-1,-1
58,16,1347.06,155.58,71.01,58.02,1,-1,-1,-1
59,16,1340.67,147.88,71.96,58.47,1,-1,-1,-1
60,16,1334.28,140.19,72.92,58.91,1,-1,-1,-1
61,16,1338.7,128.92,69.3,65.15,1,-1,-1,-1
62,16,1343.13,117.65,65.67,71.38,1,-1,-1,-1
63,16,1347.55,106.38,62.05,77.62,1,-1,-1,-1
64,16,1346.75,108.5,60.25,72.9,1,-1,-1,-1
65,16,1345.95,110.63,58.45,68.17,1,-1,-1,-1
66,16,1341.38,108.05,61.42,65.35,1,-1,-1,-1
67,16,1339.5,105.86,62.53,65.34,1,-1,-1,-1
68,16,1337.62,103.66,63.63,65.34,1,-1,-1,-1
69,16,1335.74,101.47,64.73,65.33,1,-1,-1,-1
70,16,1333.86,99.28,65.84,65.32,1,-1,-1,-1
71,16,1326.34,96.35,70.23,67.22,1,-1,-1,-1
72,16,1318.82,93.43,74.61,69.1,1,-1,-1,-1
73,16,1311.3,90.5,79.0,71.0,1,-1,-1,-1
74,16,1308.8,90.81,79.0,71.0,1,-1,-1,-1
75,16,1306.29,91.13,79.0,71.0,1,-1,-1,-1
76,16,1307.12,93.66,70.02,67.42,1,-1,-1,-1
77,16,1307.96,96.18,61.03,63.86,1,-1,-1,-1
78,16,1308.8,98.7,52.04,60.29,1,-1,-1,-1
79,16,1298.15,93.9,56.21,61.13,1,-1,-1,-1
80,16,1287.49,89.09,60.39,61.97,1,-1,-1,-1
81,16,1276.84,84.29,64.56,62.81,1,-1,-1,-1
82,16,1269.63,79.9,64.56,62.82,1,-1,-1,-1
83,16,1262.42,75.51,64.56,62.82,1,-1,-1,-1
84,16,1255.91,69.66,70.65,62.82,1,-1,-1,-1
85,16,1249.41,63.81,76.74,62.82,1,-1,-1,-1
86,16,1242.9,57.96,82.83,62.82,1,-1,-1,-1
87,16,1247.34,50.75,79.63,65.94,1,-1,-1,-1
88,16,1251.77,43.55,76.43,69.05,1,-1,-1,-1
89,16,1248.93,46.67,81.15,63.74,1,-1,-1,-1
90,16,1246.1,49.8,85.86,58.41,1,-1,-1,-1
91,16,1243.6,47.45,91.18,60.75,1,-1,-1,-1
92,16,1241.1,45.1,96.5,63.1,1,-1,-1,-1
93,16,1249.25,44.17,96.5,62.56,1,-1,-1,-1
94,16,1257.39,43.23,96.5,62.04,1,-1,-1,-1
95,16,1265.54,42.3,96.5,61.5,1,-1,-1,-1
96,16,1267.92,41.42,96.5,62.5,1,-1,-1,-1
97,16,1270.3,40.55,96.5,63.49,1,-1,-1,-1
98,16,1272.69,39.67,96.5,64.49,1,-1,-1,-1
99,16,1275.07,38.8,96.5,65.48,1,-1,-1,-1
100,16,1277.45,37.92,96.5,66.48,1,-1,-1,-1
101,16,1284.82,37.29,90.54,68.69,1,-1,-1,-1
102,16,1292.18,36.66,84.6,70.89,1,-1,-1,-1
103,16,1299.55,36.04,78.64,73.08,1,-1,-1,-1
104,16,1306.91,35.41,72.69,75.29,1,-1,-1,-1
105,16,1301.9,36.0,77.7,74.7,1,-1,-1,-1
106,16,1297.83,36.62,80.82,76.1,1,-1,-1,-1
107,16,1293.75,37.25,83.95,77.5,1,-1,-1,-1
108,16,1289.67,37.88,87.08,78.9,1,-1,-1,-1
109,16,1285.6,38.5,90.2,80.3,1,-1,-1,-1
110,16,1292.49,37.25,84.61,80.3,1,-1,-1,-1
111,16,1294.4,38.5,81.4,80.3,1,-1,-1,-1
112,16,1308.8,52.9,71.39,72.79,1,-1,-1,-1
113,16,1304.75,55.7,78.24,73.74,1,-1,-1,-1
114,16,1300.7,58.5,85.1,74.7,1,-1,-1,-1
115,16,1293.2,63.5,95.1,76.6,1,-1,-1,-1
116,16,1285.7,68.5,105.11,78.5,1,-1,-1,-1
117,16,1281.2,70.9,111.33,77.82,1,-1,-1,-1
118,16,1276.7,73.3,117.56,77.15,1,-1,-1,-1
119,16,1276.98,76.52,115.09,77.83,1,-1,-1,-1
120,16,1285.1,75.39,112.61,78.5,1,-1,-1,-1
121,16,1296.1,75.39,104.91,79.45,1,-1,-1,-1
122,16,1307.1,75.39,97.2,80.41,1,-1,-1,-1
123,16,1318.1,75.39,89.5,81.36,1,-1,-1,-1
124,16,1315.18,75.39,95.72,82.31,1,-1,-1,-1
125,16,1309.24,75.39,102.76,82.31,1,-1,-1,-1
126,16,1303.29,75.39,109.81,82.31,1,-1,-1,-1
127,16,1297.35,75.39,116.85,82.31,1,-1,-1,-1
128,16,1291.4,75.39,123.9,82.31,1,-1,-1,-1
129,16,1298.92,74.14,118.25,82.31,1,-1,-1,-1
130,16,1306.45,72.88,112.6,82.31,1,-1,-1,-1
131,16,1313.97,71.63,106.95,82.31,1,-1,-1,-1
132,16,1321.49,70.38,101.31,82.31,1,-1,-1,-1
133,16,1323.06,69.13,104.44,82.46,1,-1,-1,-1
134,16,1324.62,67.88,107.58,82.62,1,-1,-1,-1
135,16,1326.18,66.62,110.72,82.78,1,-1,-1,-1
136,16,1327.75,65.37,113.85,82.93,1,-1,-1,-1
137,16,1319.29,63.65,124.18,85.43,1,-1,-1,-1
138,16,1310.83,61.92,134.52,87.93,1,-1,-1,-1
139,16,1302.37,60.2,144.85,90.42,1,-1,-1,-1
140,16,1293.91,58.47,155.19,92.93,1,-1,-1,-1
141,16,1297.35,57.99,155.19,91.83,1,-1,-1,-1
142,16,1300.79,57.51,155.19,90.73,1,-1,-1,-1
143,16,1304.23,57.03,155.19,89.63,1,-1,-1,-1
144,16,1315.22,55.97,155.19,88.53,1,-1,-1,-1
145,16,1325.88,50.95,149.38,90.73,1,-1,-1,-1
146,16,1336.53,45.94,143.58,92.91,1,-1,-1,-1
147,16,1347.18,40.92,137.77,95.1,1,-1,-1,-1
148,16,1357.84,35.91,131.96,97.29,1,-1,-1,-1
149,16,1353.3,34.03,135.87,96.97,1,-1,-1,-1
150,16,1348.75,32.15,139.8,96.65,1,-1,-1,-1
151,16,1344.2,30.27,143.72,96.33,1,-1,-1,-1
152,16,1339.66,28.39,147.64,96.01,1,-1,-1,-1
153,16,1337.7,27.92,147.3,96.16,1,-1,-1,-1
154,16,1338.9,27.45,149.57,96.3,1,-1,-1,-1
155,16,1357.14,26.98,134.79,96.44,1,-1,-1,-1
156,16,1375.39,26.51,120.01,96.59,1,-1,-1,-1
157,16,1385.3,25.41,110.72,98.17,1,-1,-1,-1
158,16,1379.49,24.31,117.16,99.74,1,-1,-1,-1
159,16,1373.68,23.22,123.59,101.31,1,-1,-1,-1
160,16,1367.87,22.12,130.03,102.88,1,-1,-1,-1
161,16,1360.8,23.53,138.2,102.88,1,-1,-1,-1
162,16,1366.7,24.94,133.4,102.88,1,-1,-1,-1
163,16,1387.03,26.35,114.17,102.88,1,-1,-1,-1
164,16,1407.35,27.76,94.95,102.88,1,-1,-1,-1
165,16,1400.29,26.67,103.74,103.19,1,-1,-1,-1
166,16,1393.22,25.58,112.53,103.49,1,-1,-1,-1
167,16,1386.16,24.49,121.31,103.8,1,-1,-1,-1
168,16,1379.1,23.4,130.1,104.11,1,-1,-1,-1
169,16,1371.73,20.74,134.97,102.84,1,-1,-1,-1
170,16,1364.37,18.07,139.83,101.59,1,-1,-1,-1
171,16,1357.01,15.41,144.69,100.32,1,-1,-1,-1
172,16,1349.64,12.75,149.56,99.05,1,-1,-1,-1
173,16,1349.64,10.4,149.71,98.9,1,-1,-1,-1
174,16,1349.64,8.04,149.86,98.76,1,-1,-1,-1
175,16,1349.64,5.69,150.01,98.61,1,-1,-1,-1
176,16,1349.64,3.34,150.16,98.46,1,-1,-1,-1
177,16,1370.07,3.5,134.28,98.45,1,-1,-1,-1
178,16,1390.5,3.66,118.4,98.44,1,-1,-1,-1
179,16,1388.24,3.82,125.21,98.43,1,-1,-1,-1
180,16,1385.99,3.97,132.01,98.43,1,-1,-1,-1
181,16,1375.2,5.38,144.05,98.9,1,-1,-1,-1
182,16,1370.23,6.79,150.27,99.36,1,-1,-1,-1
183,16,1365.27,8.2,156.48,99.83,1,-1,-1,-1
184,16,1360.3,9.61,162.7,100.29,1,-1,-1,-1
185,16,1373.47,9.77,153.61,104.68,1,-1,-1,-1
186,16,1386.63,9.92,144.52,109.08,1,-1,-1,-1
187,16,1399.8,10.08,135.43,113.47,1,-1,-1,-1
188,16,1389.13,10.24,150.17,117.86,1,-1,-1,-1
189,16,1379.72,18.08,155.98,114.24,1,-1,-1,-1
190,16,1370.32,25.92,161.78,110.63,1,-1,-1,-1
191,16,1360.91,33.76,167.59,107.02,1,-1,-1,-1
192,16,1351.5,41.6,173.4,103.4,1,-1,-1,-1
193,16,1345.7,42.59,174.17,103.58,1,-1,-1,-1
194,16,1339.89,43.59,174.95,103.75,1,-1,-1,-1
195,16,1339.74,44.15,175.73,103.92,1,-1,-1,-1
196,16,1339.6,44.7,176.5,104.1,1,-1,-1,-1
197,16,1347.6,44.23,170.07,105.52,1,-1,-1,-1
198,16,1355.6,43.76,163.63,106.94,1,-1,-1,-1
199,16,1363.6,43.29,157.2,108.36,1,-1,-1,-1
200,16,1371.6,42.82,150.77,109.78,1,-1,-1,-1
201,16,1360.25,45.95,159.3,109.32,1,-1,-1,-1
202,16,1348.9,49.09,167.83,108.86,1,-1,-1,-1
203,16,1340.13,47.87,172.48,108.4,1,-1,-1,-1
204,16,1333.98,55.36,177.12,107.94,1,-1,-1,-1
205,16,1332.9,53.79,188.4,109.71,1,-1,-1,-1
206,16,1345.79,52.22,192.51,115.38,1,-1,-1,-1
207,16,1358.68,50.66,182.92,120.44,1,-1,-1,-1
208,16,1371.58,49.09,173.32,125.51,1,-1,-1,-1
209,16,1351.9,49.56,198.18,128.64,1,-1,-1,-1
210,16,1343.21,50.03,212.04,137.64,1,-1,-1,-1
211,16,1334.52,50.5,225.91,146.63,1,-1,-1,-1
212,16,1325.83,50.97,239.77,155.63,1,-1,-1,-1
213,16,1338.59,56.38,230.21,161.11,1,-1,-1,-1
214,16,1351.35,61.78,220.66,166.59,1,-1,-1,-1
215,16,1365.86,63.27,211.09,172.07,1,-1,-1,-1
216,16,1380.36,64.76,201.54,177.54,1,-1,-1,-1
217,16,1392.42,71.97,192.93,177.13,1,-1,-1,-1
218,16,1404.49,79.17,184.31,176.73,1,-1,-1,-1
219,16,1416.55,86.38,175.7,176.32,1,-1,-1,-1
220,16,1428.62,93.59,167.08,171.91,1,-1,-1,-1
221,16,1437.0,101.27,157.75,165.0,1,-1,-1,-1
222,16,1433.79,108.95,160.01,158.1,1,-1,-1,-1
223,16,1430.57,116.62,162.28,151.2,1,-1,-1,-1
224,16,1427.36,124.3,164.54,144.3,1,-1,-1,-1
225,16,1438.37,129.31,155.55,139.14,1,-1,-1,-1
226,16,1449.39,134.33,146.56,133.97,1,-1,-1,-1
227,16,1460.4,139.34,137.57,128.81,1,-1,-1,-1
228,16,1490.66,144.35,109.34,123.65,1,-1,-1,-1
229,16,1490.3,143.73,110.65,124.57,1,-1,-1,-1
230,16,1472.49,143.1,129.41,125.5,1,-1,-1,-1
231,16,1466.85,139.34,135.35,125.51,1,-1,-1,-1
232,16,1461.21,135.58,141.29,125.52,1,-1,-1,-1
233,16,1450.71,133.54,149.29,125.36,1,-1,-1,-1
234,16,1440.21,131.5,157.29,125.2,1,-1,-1,-1
235,16,1429.71,129.47,165.29,125.03,1,-1,-1,-1
236,16,1419.21,127.43,173.29,124.87,1,-1,-1,-1
237,16,1420.5,118.4,174.35,134.23,1,-1,-1,-1
238,16,1424.67,120.37,172.53,132.58,1,-1,-1,-1
239,16,1428.83,122.33,170.72,130.95,1,-1,-1,-1
240,16,1433.0,124.3,168.9,129.3,1,-1,-1,-1
241,16,1429.4,125.22,171.72,127.75,1,-1,-1,-1
242,16,1425.8,126.15,174.53,126.19,1,-1,-1,-1
243,16,1422.2,127.08,177.35,124.64,1,-1,-1,-1
244,16,1418.6,128.0,180.16,123.09,1,-1,-1,-1
245,16,1414.5,120.32,186.92,130.92,1,-1,-1,-1
246,16,1413.15,112.64,190.93,138.75,1,-1,-1,-1
247,16,1411.8,104.97,194.94,146.58,1,-1,-1,-1
248,16,1426.75,97.29,182.65,154.41,1,-1,-1,-1
249,16,1436.1,103.4,173.45,149.08,1,-1,-1,-1
250,16,1435.07,109.51,174.63,143.74,1,-1,-1,-1
251,16,1434.05,115.62,175.8,138.41,1,-1,-1,-1
252,16,1433.02,121.73,176.98,133.07,1,-1,-1,-1
253,16,1429.38,121.65,180.05,133.47,1,-1,-1,-1
254,16,1425.74,121.58,183.13,133.87,1,-1,-1,-1
255,16,1422.1,121.5,186.2,134.27,1,-1,-1,-1
256,16,1424.87,109.2,194.53,146.9,1,-1,-1,-1
257,16,1439.6,106.0,183.84,148.62,1,-1,-1,-1
258,16,1458.4,119.6,161.1,132.38,1,-1,-1,-1
259,16,1461.5,118.9,157.32,130.44,1,-1,-1,-1
260,16,1443.7,115.5,174.45,131.2,1,-1,-1,-1
261,16,1433.69,118.11,174.74,122.89,1,-1,-1,-1
262,16,1423.68,120.72,175.02,114.58,1,-1,-1,-1
263,16,1411.9,97.2,182.3,132.4,1,-1,-1,-1
264,16,1443.7,115.5,158.2,111.8,1,-1,-1,-1
265,16,1478.17,111.11,124.33,111.8,1,-1,-1,-1
266,16,1473.88,108.13,125.17,113.06,1,-1,-1,-1
267,16,1469.6,105.16,126.0,114.3,1,-1,-1,-1
268,16,1456.65,102.18,135.5,115.55,1,-1,-1,-1
269,16,1443.7,99.2,145.0,116.8,1,-1,-1,-1
270,16,1433.4,94.97,155.78,118.68,1,-1,-1,-1
271,16,1434.12,90.74,155.53,120.56,1,-1,-1,-1
272,16,1434.83,86.51,155.3,122.44,1,-1,-1,-1
273,16,1435.55,82.28,155.05,124.32,1,-1,-1,-1
274,16,1427.71,77.11,162.11,125.74,1,-1,-1,-1
275,16,1419.88,71.94,169.17,127.16,1,-1,-1,-1
276,16,1412.05,66.77,176.23,128.58,1,-1,-1,-1
277,16,1404.21,61.6,183.29,130.0,1,-1,-1,-1
278,16,1394.49,58.62,187.06,130.0,1,-1,-1,-1
279,16,1384.78,55.64,190.82,130.0,1,-1,-1,-1
280,16,1375.07,52.67,194.58,130.0,1,-1,-1,-1
281,16,1365.35,49.69,198.35,130.0,1,-1,-1,-1
282,16,1380.55,46.4,186.45,127.64,1,-1,-1,-1
283,16,1395.75,43.11,174.55,125.28,1,-1,-1,-1
284,16,1410.95,39.82,162.65,122.93,1,-1,-1,-1
285,16,1426.15,36.53,150.75,120.57,1,-1,-1,-1
286,16,1413.13,30.89,161.32,123.54,1,-1,-1,-1
287,16,1400.12,25.25,171.88,126.5,1,-1,-1,-1
288,16,1387.11,19.61,175.44,129.46,1,-1,-1,-1
289,16,1374.1,13.96,179.0,132.44,1,-1,-1,-1
290,16,1357.6,10.52,193.47,132.43,1,-1,-1,-1
291,16,1336.8,11.9,212.25,127.61,1,-1,-1,-1
292,16,1360.0,6.04,187.02,130.02,1,-1,-1,-1
293,16,1392.7,0.18,152.3,132.43,1,-1,-1,-1
294,16,1400.2,0.18,146.5,128.12,1,-1,-1,-1
295,16,1383.5,0.18,162.63,129.56,1,-1,-1,-1
296,16,1377.85,0.18,167.72,131.0,1,-1,-1,-1
297,16,1372.2,0.18,172.8,132.43,1,-1,-1,-1
298,16,1356.57,0.18,187.36,132.43,1,-1,-1,-1
299,16,1340.94,0.18,201.93,132.42,1,-1,-1,-1
300,16,1325.31,0.18,216.49,132.42,1,-1,-1,-1
301,16,1312.0,0.18,238.0,132.42,1,-1,-1,-1
302,16,1320.75,0.14,241.63,135.43,1,-1,-1,-1
303,16,1329.5,0.09,245.25,138.46,1,-1,-1,-1
304,16,1347.38,0.04,239.74,141.49,1,-1,-1,-1
305,16,1365.27,0.0,234.23,144.5,1,-1,-1,-1
306,16,1349.18,0.0,258.32,147.95,1,-1,-1,-1
307,16,1338.89,0.0,270.74,151.4,1,-1,-1,-1
308,16,1328.59,0.0,283.18,154.85,1,-1,-1,-1
309,16,1318.3,0.0,295.6,158.3,1,-1,-1,-1
310,16,1311.7,0.0,303.3,164.25,1,-1,-1,-1
311,16,1315.5,0.0,300.6,170.2,1,-1,-1,-1
312,16,1329.75,0.0,287.45,176.15,1,-1,-1,-1
313,16,1344.0,0.0,274.3,182.1,1,-1,-1,-1
314,16,1397.0,0.0,226.77,189.15,1,-1,-1,-1
315,16,1426.6,0.0,202.64,196.2,1,-1,-1,-1
316,16,1456.2,0.0,178.52,203.25,1,-1,-1,-1
317,16,1449.92,0.0,190.28,210.3,1,-1,-1,-1
318,16,1443.46,0.17,196.34,214.43,1,-1,-1,-1
319,16,1425.97,13.69,209.36,204.08,1,-1,-1,-1
320,16,1408.49,27.22,222.38,193.71,1,-1,-1,-1
321,16,1391.0,40.74,235.4,183.36,1,-1,-1,-1
322,16,1388.58,45.67,238.72,179.93,1,-1,-1,-1
323,16,1389.79,44.79,243.71,186.01,1,-1,-1,-1
324,16,1390.78,50.88,257.12,179.12,1,-1,-1,-1
325,16,1427.46,67.85,236.65,169.57,1,-1,-1,-1
326,16,1414.98,60.95,254.32,173.15,1,-1,-1,-1
327,16,1413.39,59.5,258.35,170.93,1,-1,-1,-1
328,16,1411.8,58.04,262.37,168.71,1,-1,-1,-1
329,16,1382.75,48.54,290.35,171.26,1,-1,-1,-1
330,16,1376.9,41.58,300.55,172.22,1,-1,-1,-1
331,16,1371.05,34.61,310.75,173.19,1,-1,-1,-1
332,16,1383.48,30.91,310.57,172.14,1,-1,-1,-1
333,16,1395.91,27.21,310.39,171.09,1,-1,-1,-1
334,16,1424.33,31.48,297.32,163.67,1,-1,-1,-1
335,16,1452.75,35.75,284.25,156.25,1,-1,-1,-1
336,16,1472.03,34.8,275.5,155.75,1,-1,-1,-1
337,16,1491.3,33.84,266.75,155.26,1,-1,-1,-1
338,16,1487.15,36.35,276.53,153.55,1,-1,-1,-1
339,16,1483.0,38.86,286.31,151.84,1,-1,-1,-1
340,16,1480.55,33.53,292.21,156.67,1,-1,-1,-1
341,16,1478.1,28.2,298.12,161.5,1,-1,-1,-1
342,16,1478.1,28.2,308.2,161.5,1,-1,-1,-1
343,16,1494.4,21.31,305.7,164.59,1,-1,-1,-1
344,16,1534.0,17.71,280.05,165.84,1,-1,-1,-1
345,16,1555.07,14.1,272.92,167.1,1,-1,-1,-1
346,16,1576.13,10.5,265.81,168.35,1,-1,-1,-1
347,16,1597.2,6.89,258.68,169.61,1,-1,-1,-1
348,16,1583.41,4.59,273.88,162.19,1,-1,-1,-1
349,16,1569.62,2.3,289.07,154.75,1,-1,-1,-1
350,16,1555.83,0.0,304.27,147.33,1,-1,-1,-1
351,16,1542.04,0.0,319.46,137.6,1,-1,-1,-1
352,16,1536.4,0.0,325.4,131.02,1,-1,-1,-1
353,16,1530.76,0.0,331.34,124.44,1,-1,-1,-1
354,16,1530.93,0.0,328.03,126.67,1,-1,-1,-1
355,16,1531.1,0.0,324.73,128.9,1,-1,-1,-1
356,16,1549.57,0.0,303.13,121.3,1,-1,-1,-1
357,16,1577.35,0.0,275.35,116.3,1,-1,-1,-1
358,16,1605.12,0.0,247.58,111.3,1,-1,-1,-1
359,16,1632.9,0.0,219.8,106.3,1,-1,-1,-1
360,16,1640.4,0.0,212.3,101.9,1,-1,-1,-1
361,16,1639.8,0.0,208.5,73.7,1,-1,-1,-1
362,16,1626.95,0.0,217.6,67.45,1,-1,-1,-1
363,16,1614.1,0.0,226.7,61.2,1,-1,-1,-1
364,16,1600.62,0.0,235.18,54.6,1,-1,-1,-1
365,16,1587.15,0.0,243.65,48.0,1,-1,-1,-1
366,16,1576.18,0.0,249.92,52.7,1,-1,-1,-1
367,16,1565.21,0.0,256.19,57.4,1,-1,-1,-1
368,16,1573.99,0.0,243.01,53.95,1,-1,-1,-1
369,16,1582.76,0.0,229.84,50.51,1,-1,-1,-1
370,16,1587.1,0.0,56.9,56.1,1,-1,-1,-1
371,16,1614.05,0.0,41.85,46.7,1,-1,-1,-1
418,16,1573.1,0.0,133.56,33.18,1,-1,-1,-1
419,16,1555.05,0.0,150.86,41.09,1,-1,-1,-1
420,16,1537.0,0.0,168.15,49.0,1,-1,-1,-1
421,16,1513.7,0.0,191.45,67.8,1,-1,-1,-1
422,16,1528.0,0.0,186.9,70.8,1,-1,-1,-1
423,16,1520.48,0.0,186.9,76.8,1,-1,-1,-1
424,16,1512.96,0.0,186.9,82.8,1,-1,-1,-1
425,16,1500.93,0.0,189.55,91.45,1,-1,-1,-1
426,16,1488.89,0.0,192.21,100.1,1,-1,-1,-1
427,16,1469.34,0.0,218.16,106.85,1,-1,-1,-1
428,16,1449.78,0.0,244.12,113.6,1,-1,-1,-1
429,16,1434.99,0.0,252.64,123.36,1,-1,-1,-1
430,16,1420.2,0.0,261.17,133.13,1,-1,-1,-1
431,16,1405.4,0.0,269.7,142.9,1,-1,-1,-1
432,16,1385.47,0.0,289.23,148.9,1,-1,-1,-1
433,16,1365.54,0.0,308.76,154.9,1,-1,-1,-1
434,16,1377.22,0.0,307.61,161.3,1,-1,-1,-1
435,16,1388.9,0.0,306.46,167.7,1,-1,-1,-1
436,16,1396.67,0.0,312.74,169.7,1,-1,-1,-1
437,16,1404.44,0.0,319.01,171.7,1,-1,-1,-1
438,16,1412.21,0.0,325.29,173.7,1,-1,-1,-1
439,16,1401.09,1.05,342.28,173.41,1,-1,-1,-1
440,16,1389.97,2.1,359.26,173.12,1,-1,-1,-1
441,16,1378.84,3.16,376.26,172.82,1,-1,-1,-1
442,16,1367.72,4.21,393.24,172.53,1,-1,-1,-1
443,16,1356.6,5.26,410.23,172.24,1,-1,-1,-1
444,16,1348.63,4.21,416.99,178.25,1,-1,-1,-1
445,16,1340.66,3.16,423.76,184.26,1,-1,-1,-1
446,16,1332.68,2.1,430.53,190.28,1,-1,-1,-1
447,16,1324.71,1.05,437.3,196.29,1,-1,-1,-1
448,16,1316.74,0.0,444.06,202.3,1,-1,-1,-1
449,16,1347.88,0.0,418.78,206.52,1,-1,-1,-1
450,16,1379.02,0.0,393.5,210.74,1,-1,-1,-1
451,16,1410.15,0.0,368.23,214.96,1,-1,-1,-1
452,16,1441.29,0.0,342.95,219.18,1,-1,-1,-1
453,16,1472.43,0.0,317.67,223.4,1,-1,-1,-1
454,16,1482.96,4.66,311.5,223.4,1,-1,-1,-1
455,16,1493.49,9.33,305.33,223.39,1,-1,-1,-1
456,16,1504.01,13.99,299.17,223.39,1,-1,-1,-1
457,16,1514.54,18.66,293.0,223.38,1,-1,-1,-1
458,16,1525.07,23.32,286.83,223.38,1,-1,-1,-1
459,16,1511.53,25.95,295.1,223.38,1,-1,-1,-1
460,16,1498.0,28.58,303.37,223.38,1,-1,-1,-1
461,16,1487.77,30.69,308.01,224.88,1,-1,-1,-1
462,16,1477.54,32.79,312.65,226.39,1,-1,-1,-1
463,16,1467.31,34.9,317.29,227.89,1,-1,-1,-1
464,16,1457.09,37.0,333.26,229.39,1,-1,-1,-1
465,16,1446.86,39.11,349.24,230.89,1,-1,-1,-1
466,16,1459.65,40.01,345.78,233.0,1,-1,-1,-1
467,16,1472.44,40.91,342.31,235.11,1,-1,-1,-1
468,16,1485.22,41.8,338.86,237.22,1,-1,-1,-1
469,16,1498.01,42.7,335.39,239.33,1,-1,-1,-1
470,16,1510.8,43.6,331.93,241.44,1,-1,-1,-1
471,16,1493.5,44.95,350.74,245.06,1,-1,-1,-1
472,16,1476.2,46.31,369.56,248.67,1,-1,-1,-1
473,16,1458.9,47.66,388.37,252.3,1,-1,-1,-1
474,16,1441.6,49.02,407.19,255.91,1,-1,-1,-1
475,16,1424.3,50.37,426.0,259.53,1,-1,-1,-1
476,16,1408.81,47.66,438.03,267.2,1,-1,-1,-1
477,16,1393.31,44.95,450.07,274.87,1,-1,-1,-1
478,16,1377.82,42.25,462.1,282.53,1,-1,-1,-1
479,16,1362.32,39.54,474.14,290.2,1,-1,-1,-1
480,16,1346.83,36.83,486.17,297.87,1,-1,-1,-1
481,16,1364.73,41.64,476.35,294.72,1,-1,-1,-1
482,16,1382.63,46.46,466.53,291.56,1,-1,-1,-1
483,16,1400.53,51.27,456.71,288.41,1,-1,-1,-1
484,16,1418.43,56.09,446.89,285.25,1,-1,-1,-1
485,16,1436.33,60.9,437.07,282.1,1,-1,-1,-1
486,16,1459.9,61.8,430.7,284.06,1,-1,-1,-1
487,16,1452.2,62.7,439.84,286.02,1,-1,-1,-1
488,16,1428.0,63.6,473.36,287.97,1,-1,-1,-1
489,16,1398.7,64.5,511.98,289.93,1,-1,-1,-1
490,16,1369.4,65.4,550.6,291.89,1,-1,-1,-1
491,16,1346.15,60.55,573.85,304.26,1,-1,-1,-1
492,16,1322.9,55.7,597.1,316.63,1,-1,-1,-1
493,16,1338.4,55.67,581.6,324.18,1,-1,-1,-1
494,16,1353.9,55.65,566.1,331.73,1,-1,-1,-1
495,16,1369.4,55.62,550.6,339.28,1,-1,-1,-1
496,16,1399.18,71.57,520.82,328.15,1,-1,-1,-1
497,16,1428.97,87.51,491.03,317.03,1,-1,-1,-1
498,16,1458.75,103.46,461.25,305.9,1,-1,-1,-1
499,16,1488.54,119.4,431.46,294.78,1,-1,-1,-1
500,16,1518.32,135.35,401.68,283.65,1,-1,-1,-1
501,16,1517.57,125.87,402.43,290.57,1,-1,-1,-1
502,16,1516.82,116.39,403.18,297.49,1,-1,-1,-1
503,16,1516.06,106.92,403.94,304.4,1,-1,-1,-1
504,16,1515.31,97.44,404.69,311.32,1,-1,-1,-1
505,16,1514.56,87.96,405.44,318.24,1,-1,-1,-1
506,16,1545.99,96.54,374.01,312.22,1,-1,-1,-1
507,16,1577.43,105.11,342.57,306.21,1,-1,-1,-1
508,16,1608.87,113.69,311.13,300.19,1,-1,-1,-1
509,16,1640.31,122.26,279.69,294.18,1,-1,-1,-1
510,16,1671.75,130.83,248.25,288.17,1,-1,-1,-1
511,16,1654.79,135.19,265.21,288.77,1,-1,-1,-1
512,16,1637.83,139.56,282.17,289.36,1,-1,-1,-1
513,16,1620.86,143.92,299.14,289.96,1,-1,-1,-1
514,16,1603.9,148.28,316.1,290.56,1,-1,-1,-1
515,16,1613.08,152.64,306.92,291.16,1,-1,-1,-1
516,16,1645.19,168.96,274.81,275.16,1,-1,-1,-1
517,16,1677.29,185.28,242.71,259.16,1,-1,-1,-1
518,16,1709.4,201.6,210.6,243.16,1,-1,-1,-1
519,16,1725.4,213.97,194.6,231.11,1,-1,-1,-1
520,16,1741.4,226.35,178.6,219.05,1,-1,-1,-1
521,16,1725.15,231.57,194.85,204.9,1,-1,-1,-1
522,16,1708.9,236.78,211.1,190.75,1,-1,-1,-1
523,16,1692.65,242.0,227.35,176.6,1,-1,-1,-1
524,16,1676.4,205.4,243.6,213.28,1,-1,-1,-1
525,16,1671.94,203.37,248.06,208.63,1,-1,-1,-1
526,16,1679.82,202.32,240.18,204.24,1,-1,-1,-1
527,16,1687.7,201.28,232.3,199.84,1,-1,-1,-1
528,16,1718.05,200.24,201.95,195.44,1,-1,-1,-1
529,16,1748.4,199.19,171.6,191.05,1,-1,-1,-1
530,16,1767.52,198.15,152.48,186.65,1,-1,-1,-1
531,16,1803.0,198.15,117.0,181.21,1,-1,-1,-1
532,16,1808.0,198.15,112.0,175.77,1,-1,-1,-1
533,16,1792.76,198.15,127.24,170.33,1,-1,-1,-1
534,16,1777.53,198.15,142.47,164.89,1,-1,-1,-1
535,16,1762.29,198.15,157.71,159.45,1,-1,-1,-1
536,16,1773.77,192.61,146.23,163.01,1,-1,-1,-1
537,16,1770.09,187.07,149.91,166.57,1,-1,-1,-1
538,16,1766.4,181.54,153.6,170.12,1,-1,-1,-1
539,16,1793.05,176.0,126.95,173.68,1,-1,-1,-1
540,16,1819.7,170.46,100.3,177.24,1,-1,-1,-1
541,16,1834.32,191.88,85.68,160.02,1,-1,-1,-1
542,16,1829.36,187.44,90.64,149.06,1,-1,-1,-1
543,16,1824.4,183.0,95.6,138.1,1,-1,-1,-1
544,16,1781.6,175.17,138.4,160.53,1,-1,-1,-1
545,16,1765.0,157.62,155.0,160.02,1,-1,-1,-1
546,16,1748.4,140.07,171.6,159.51,1,-1,-1,-1
547,16,1731.8,122.52,188.2,159.0,1,-1,-1,-1
548,16,1715.2,104.97,204.8,158.49,1,-1,-1,-1
549,16,1698.6,87.42,221.4,157.98,1,-1,-1,-1
550,16,1710.7,74.99,205.64,167.74,1,-1,-1,-1
551,16,1722.8,62.56,189.89,177.51,1,-1,-1,-1
552,16,1734.9,50.13,174.13,187.27,1,-1,-1,-1
553,16,1723.0,37.7,182.38,199.3,1,-1,-1,-1
554,16,1695.5,25.27,206.22,157.98,1,-1,-1,-1
555,16,1676.2,25.27,225.52,157.98,1,-1,-1,-1
556,16,1651.65,12.63,239.91,147.09,1,-1,-1,-1
557,16,1627.1,0.0,254.3,136.2,1,-1,-1,-1
558,16,1605.15,0.0,276.25,123.95,1,-1,-1,-1
559,16,1583.2,0.0,298.2,111.7,1,-1,-1,-1
560,16,1562.3,0.0,307.61,107.0,1,-1,-1,-1
561,16,1541.4,0.0,317.02,102.3,1,-1,-1,-1
562,16,1557.07,0.0,296.13,91.33,1,-1,-1,-1
563,16,1572.73,0.0,275.24,80.36,1,-1,-1,-1
564,16,1588.4,0.0,254.35,69.39,1,-1,-1,-1
565,16,1599.37,0.0,232.96,60.5,1,-1,-1,-1
566,16,1610.34,0.0,211.56,51.6,1,-1,-1,-1
583,16,1550.59,0.0,220.37,23.0,1,-1,-1,-1
584,16,1498.32,0.0,278.28,33.91,1,-1,-1,-1
585,16,1446.06,0.0,336.18,44.81,1,-1,-1,-1
586,16,1434.0,0.0,334.7,55.3,1,-1,-1,-1
587,16,1416.35,0.0,342.95,63.55,1,-1,-1,-1
588,16,1398.7,0.0,351.2,71.8,1,-1,-1,-1
589,16,1394.9,0.0,342.59,79.3,1,-1,-1,-1
590,16,1326.4,0.0,398.68,86.8,1,-1,-1,-1
591,16,1316.5,0.0,399.54,89.05,1,-1,-1,-1
592,16,1309.7,0.0,397.3,91.3,1,-1,-1,-1
593,16,1294.5,0.0,408.7,94.3,1,-1,-1,-1
594,16,1289.8,0.0,408.7,99.8,1,-1,-1,-1
595,16,1285.1,0.0,408.7,105.3,1,-1,-1,-1
596,16,1288.76,0.0,397.91,114.53,1,-1,-1,-1
597,16,1292.41,0.0,387.12,123.77,1,-1,-1,-1
598,16,1296.07,0.0,376.33,133.0,1,-1,-1,-1
599,16,1297.38,0.0,367.17,144.75,1,-1,-1,-1
600,16,1298.7,0.0,358.0,156.5,1,-1,-1,-1
601,16,1280.4,0.0,363.5,168.75,1,-1,-1,-1
602,16,1262.1,0.0,369.0,181.0,1,-1,-1,-1
603,16,1253.48,0.26,367.42,190.39,1,-1,-1,-1
604,16,1244.86,0.52,365.84,199.78,1,-1,-1,-1
605,16,1253.23,0.52,352.27,208.13,1,-1,-1,-1
606,16,1261.6,0.52,338.7,216.48,1,-1,-1,-1
607,16,1285.35,0.52,313.4,226.38,1,-1,-1,-1
608,16,1309.1,0.52,288.1,236.28,1,-1,-1,-1
609,16,1336.0,6.01,261.7,239.69,1,-1,-1,-1
610,16,1362.9,11.5,235.3,243.1,1,-1,-1,-1
611,16,1365.77,15.41,230.08,247.29,1,-1,-1,-1
612,16,1368.64,19.33,224.86,251.47,1,-1,-1,-1
613,16,1357.41,33.44,230.09,242.56,1,-1,-1,-1
614,16,1346.18,47.54,235.32,233.66,1,-1,-1,-1
615,16,1332.34,54.07,244.71,229.23,1,-1,-1,-1
616,16,1318.5,60.6,254.1,224.8,1,-1,-1,-1
617,16,1306.75,67.65,262.45,219.85,1,-1,-1,-1
618,16,1295.0,74.7,270.8,214.9,1,-1,-1,-1
619,16,1293.43,67.39,280.72,222.71,1,-1,-1,-1
620,16,1291.87,60.07,290.63,230.53,1,-1,-1,-1
621,16,1316.41,66.34,272.89,223.76,1,-1,-1,-1
622,16,1332.87,73.91,262.68,215.94,1,-1,-1,-1
623,16,1349.32,81.49,252.48,208.11,1,-1,-1,-1
624,16,1334.96,84.1,270.49,201.6,1,-1,-1,-1
625,16,1320.6,86.71,288.5,195.09,1,-1,-1,-1
626,16,1308.59,71.56,298.16,205.54,1,-1,-1,-1
627,16,1296.57,56.42,307.83,215.98,1,-1,-1,-1
628,16,1301.28,40.49,306.77,226.71,1,-1,-1,-1
629,16,1305.98,24.56,305.72,237.44,1,-1,-1,-1
630,16,1342.28,24.04,275.17,231.71,1,-1,-1,-1
631,16,1378.58,23.51,244.62,225.99,1,-1,-1,-1
632,16,1399.99,26.99,223.54,214.84,1,-1,-1,-1
633,16,1421.41,30.48,202.46,203.69,1,-1,-1,-1
634,16,1442.82,33.96,181.38,192.54,1,-1,-1,-1
635,16,1433.94,32.39,183.26,186.81,1,-1,-1,-1
636,16,1425.06,30.82,185.14,181.08,1,-1,-1,-1
637,16,1405.99,17.24,205.26,186.56,1,-1,-1,-1
638,16,1386.93,3.66,225.37,192.04,1,-1,-1,-1
639,16,1398.42,0.0,216.98,190.5,1,-1,-1,-1
640,16,1418.11,3.13,197.96,183.19,1,-1,-1,-1
641,16,1437.8,6.27,178.93,175.87,1,-1,-1,-1
642,16,1433.1,9.4,184.3,168.56,1,-1,-1,-1
643,16,1421.8,12.54,180.64,161.24,1,-1,-1,-1
644,16,1407.3,15.67,191.9,153.93,1,-1,-1,-1
645,16,1391.47,16.51,201.26,152.19,1,-1,-1,-1
646,16,1375.63,17.34,210.64,150.46,1,-1,-1,-1
647,16,1359.8,18.18,220.0,148.72,1,-1,-1,-1
648,16,1365.8,19.02,214.3,149.23,1,-1,-1,-1
649,16,1371.79,19.85,208.61,149.75,1,-1,-1,-1
650,16,1397.55,24.13,180.24,147.45,1,-1,-1,-1
651,16,1423.3,28.41,151.88,145.15,1,-1,-1,-1
652,16,1412.23,32.69,160.34,142.85,1,-1,-1,-1
653,16,1401.17,36.98,168.78,140.54,1,-1,-1,-1
654,16,1390.1,41.26,177.24,138.24,1,-1,-1,-1
655,16,1378.5,40.85,177.87,136.35,1,-1,-1,-1
656,16,1366.9,40.44,178.5,134.46,1,-1,-1,-1
657,16,1355.3,40.02,179.14,132.58,1,-1,-1,-1
658,16,1343.7,39.61,179.77,130.69,1,-1,-1,-1
659,16,1332.1,39.2,180.4,128.8,1,-1,-1,-1
660,16,1340.46,34.0,170.44,126.17,1,-1,-1,-1
661,16,1334.61,27.2,171.38,126.4,1,-1,-1,-1
662,16,1328.76,20.4,172.32,126.62,1,-1,-1,-1
663,16,1322.9,13.6,173.27,126.85,1,-1,-1,-1
664,16,1317.05,6.8,174.21,127.07,1,-1,-1,-1
665,16,1311.2,0.0,175.15,127.3,1,-1,-1,-1
666,16,1299.45,0.0,177.47,118.4,1,-1,-1,-1
667,16,1287.7,0.0,179.8,109.5,1,-1,-1,-1
668,16,1276.2,0.0,182.95,98.55,1,-1,-1,-1
669,16,1264.7,0.0,186.1,87.6,1,-1,-1,-1
670,16,1287.9,0.0,159.14,79.76,1,-1,-1,-1
671,16,1310.4,0.0,132.88,71.92,1,-1,-1,-1
672,16,1298.13,0.0,141.39,64.08,1,-1,-1,-1
673,16,1285.87,0.0,149.89,56.24,1,-1,-1,-1
674,16,1273.6,0.0,158.4,48.4,1,-1,-1,-1
675,16,1267.05,0.0,153.19,46.57,1,-1,-1,-1
676,16,1260.5,0.0,147.99,44.74,1,-1,-1,-1
677,16,1253.0,0.0,142.06,42.93,1,-1,-1,-1
678,16,1245.51,0.0,136.12,41.11,1,-1,-1,-1
679,16,1238.01,0.0,130.19,39.3,1,-1,-1,-1
680,16,1240.9,0.0,116.6,34.2,1,-1,-1,-1
681,16,1243.8,0.0,103.0,29.1,1,-1,-1,-1
682,16,1244.55,0.0,98.44,23.65,1,-1,-1,-1
683,16,1245.3,0.0,93.89,18.2,1,-1,-1,-1
684,16,1240.95,0.0,92.98,16.02,1,-1,-1,-1
685,16,1236.6,0.0,92.07,13.85,1,-1,-1,-1
686,16,1234.53,0.0,89.06,13.12,1,-1,-1,-1
687,16,1232.47,0.0,86.04,12.4,1,-1,-1,-1
688,16,1230.4,0.0,83.03,11.67,1,-1,-1,-1
689,16,1236.4,0.0,71.77,10.22,1,-1,-1,-1
699,16,1221.73,0.0,87.37,16.0,1,-1,-1,-1
700,16,1220.22,0.0,84.2,16.0,1,-1,-1,-1
701,16,1218.7,0.0,81.05,16.0,1,-1,-1,-1
702,16,1224.5,0.0,70.58,16.0,1,-1,-1,-1
703,16,1230.3,0.0,60.1,16.0,1,-1,-1,-1
704,16,1227.5,0.0,58.98,15.86,1,-1,-1,-1
705,16,1224.7,0.0,57.86,15.72,1,-1,-1,-1
706,16,1221.9,0.0,56.74,15.58,1,-1,-1,-1
707,16,1214.75,0.0,63.89,15.58,1,-1,-1,-1
708,16,1207.6,0.0,71.05,15.58,1,-1,-1,-1
709,16,1206.23,0.0,72.2,17.14,1,-1,-1,-1
710,16,1204.87,0.0,73.33,18.7,1,-1,-1,-1
711,16,1204.58,0.0,71.8,20.87,1,-1,-1,-1
712,16,1204.29,0.0,70.27,23.04,1,-1,-1,-1
713,16,1204.0,0.0,68.74,25.21,1,-1,-1,-1
714,16,1204.1,0.0,67.91,28.91,1,-1,-1,-1
715,16,1204.2,0.0,67.07,32.6,1,-1,-1,-1
716,16,1199.9,0.0,71.37,37.75,1,-1,-1,-1
717,16,1195.6,0.0,75.67,42.9,1,-1,-1,-1
718,16,1139.4,0.0,140.34,46.05,1,-1,-1,-1
719,16,1166.6,0.0,121.6,49.2,1,-1,-1,-1
720,16,1169.42,0.0,124.01,50.1,1,-1,-1,-1
721,16,1172.24,0.0,126.43,51.0,1,-1,-1,-1
722,16,1175.06,0.0,128.84,51.9,1,-1,-1,-1
723,16,1168.6,0.0,135.0,52.95,1,-1,-1,-1
724,16,1182.62,0.0,120.68,54.0,1,-1,-1,-1
725,16,1170.5,0.0,127.06,60.8,1,-1,-1,-1
726,16,1171.13,0.0,120.68,67.6,1,-1,-1,-1
727,16,1188.4,0.0,101.3,77.0,1,-1,-1,-1
728,16,1134.0,0.15,149.65,86.05,1,-1,-1,-1
729,16,1148.1,0.3,129.51,95.1,1,-1,-1,-1
730,16,1163.4,0.3,114.21,102.7,1,-1,-1,-1
731,16,1161.55,0.3,116.06,106.35,1,-1,-1,-1
732,16,1159.7,0.3,117.91,110.0,1,-1,-1,-1
733,16,1152.74,0.15,121.56,111.35,1,-1,-1,-1
734,16,1145.79,0.0,125.21,112.7,1,-1,-1,-1
735,16,1134.91,0.0,130.94,116.35,1,-1,-1,-1
736,16,1124.03,0.0,136.67,120.0,1,-1,-1,-1
737,16,1112.65,0.0,147.42,127.97,1,-1,-1,-1
738,16,1101.26,0.0,158.17,135.93,1,-1,-1,-1
739,16,1089.88,0.0,168.92,143.9,1,-1,-1,-1
740,16,1068.8,0.0,194.03,155.7,1,-1,-1,-1
741,16,1078.88,7.55,187.99,159.95,1,-1,-1,-1
742,16,1088.97,15.11,181.93,164.19,1,-1,-1,-1
743,16,1105.3,25.55,173.0,164.2,1,-1,-1,-1
744,16,1121.62,36.0,164.08,164.2,1,-1,-1,-1
745,16,1131.41,39.92,160.19,166.38,1,-1,-1,-1
746,16,1141.2,43.84,156.3,168.56,1,-1,-1,-1
747,16,1135.83,47.03,167.17,170.17,1,-1,-1,-1
748,16,1130.47,50.22,178.03,171.78,1,-1,-1,-1
749,16,1125.1,53.41,188.9,173.39,1,-1,-1,-1
750,16,1120.84,57.34,195.81,174.06,1,-1,-1,-1
751,16,1116.58,61.28,202.72,174.72,1,-1,-1,-1
752,16,1116.08,56.19,201.32,185.88,1,-1,-1,-1
753,16,1115.59,51.1,199.91,197.03,1,-1,-1,-1
754,16,1115.09,46.01,198.51,208.19,1,-1,-1,-1
755,16,1106.56,44.27,209.66,216.11,1,-1,-1,-1
756,16,1098.03,42.53,220.81,224.03,1,-1,-1,-1
757,16,1089.49,40.79,231.97,231.95,1,-1,-1,-1
758,16,1080.96,39.05,243.12,239.87,1,-1,-1,-1
759,16,1072.43,37.31,254.27,247.79,1,-1,-1,-1
760,16,1095.72,41.01,235.98,243.44,1,-1,-1,-1
761,16,1119.0,44.71,217.7,239.09,1,-1,-1,-1
762,16,1156.1,64.64,190.7,224.41,1,-1,-1,-1
763,16,1193.2,84.57,163.7,209.73,1,-1,-1,-1
764,16,1216.2,104.5,143.0,195.1,1,-1,-1,-1
765,16,1218.96,127.48,136.39,170.87,1,-1,-1,-1
766,16,1221.72,150.47,129.78,146.63,1,-1,-1,-1
767,16,1218.07,152.56,129.78,144.04,1,-1,-1,-1
768,16,1214.41,154.65,129.78,141.45,1,-1,-1,-1
769,16,1207.11,156.22,131.86,141.45,1,-1,-1,-1
770,16,1199.8,157.79,133.94,141.44,1,-1,-1,-1
771,16,1193.4,161.72,130.16,137.77,1,-1,-1,-1
772,16,1187.0,165.64,126.37,134.11,1,-1,-1,-1
773,16,1180.6,169.57,122.58,130.45,1,-1,-1,-1
774,16,1174.2,173.5,118.8,126.78,1,-1,-1,-1
775,16,1166.3,167.44,115.21,125.1,1,-1,-1,-1
776,16,1158.4,161.38,111.62,123.43,1,-1,-1,-1
777,16,1150.5,155.32,108.03,121.75,1,-1,-1,-1
778,16,1137.8,149.26,109.24,120.08,1,-1,-1,-1
779,16,1125.1,143.21,110.45,118.39,1,-1,-1,-1
780,16,1116.23,137.99,114.8,122.38,1,-1,-1,-1
781,16,1107.37,132.76,119.15,126.37,1,-1,-1,-1
782,16,1098.5,127.54,123.5,130.36,1,-1,-1,-1
783,16,1088.75,125.45,127.68,129.48,1,-1,-1,-1
784,16,1079.0,123.36,131.87,128.61,1,-1,-1,-1
785,16,1069.25,121.27,136.05,127.73,1,-1,-1,-1
786,16,1073.62,119.5,126.26,130.86,1,-1,-1,-1
787,16,1078.0,117.72,116.47,134.0,1,-1,-1,-1
788,16,1085.05,115.94,114.83,137.14,1,-1,-1,-1
789,16,1092.1,114.17,113.2,140.27,1,-1,-1,-1
790,16,1065.07,112.39,140.23,143.41,1,-1,-1,-1
791,16,1078.8,113.7,128.05,141.3,1,-1,-1,-1
792,16,1078.13,115.0,130.27,139.2,1,-1,-1,-1
793,16,1073.49,115.49,136.94,138.4,1,-1,-1,-1
794,16,1070.2,110.56,143.62,137.59,1,-1,-1,-1
795,16,1066.92,105.63,150.29,136.79,1,-1,-1,-1
796,16,1069.2,102.5,156.96,136.0,1,-1,-1,-1
797,16,1064.66,97.83,171.13,134.92,1,-1,-1,-1
798,16,1083.13,93.15,185.31,133.85,1,-1,-1,-1
799,16,1101.6,88.47,199.49,132.79,1,-1,-1,-1
800,16,1140.02,83.8,193.27,131.72,1,-1,-1,-1
801,16,1140.8,63.3,202.35,146.47,1,-1,-1,-1
802,16,1119.4,55.47,237.33,149.62,1,-1,-1,-1
803,16,1109.5,47.63,260.81,152.77,1,-1,-1,-1
804,16,1119.9,43.7,278.35,151.22,1,-1,-1,-1
805,16,1175.3,36.66,250.89,152.77,1,-1,-1,-1
806,16,1211.85,23.3,229.75,158.04,1,-1,-1,-1
807,16,1248.4,20.47,208.61,152.77,1,-1,-1,-1
808,16,1261.46,14.73,208.61,148.57,1,-1,-1,-1
809,16,1277.65,7.37,205.98,147.58,1,-1,-1,-1
810,16,1293.84,0.0,203.36,146.6,1,-1,-1,-1
811,16,1307.68,0.0,203.36,141.9,1,-1,-1,-1
812,16,1321.52,0.0,203.36,137.2,1,-1,-1,-1
813,16,1358.6,0.0,181.9,136.2,1,-1,-1,-1
814,16,1382.37,0.0,171.43,140.65,1,-1,-1,-1
815,16,1406.13,0.0,160.97,145.1,1,-1,-1,-1
816,16,1416.58,0.0,156.77,149.8,1,-1,-1,-1
817,16,1427.03,0.0,152.57,154.5,1,-1,-1,-1
818,16,1422.12,0.0,161.56,155.96,1,-1,-1,-1
819,16,1417.22,0.0,170.54,157.42,1,-1,-1,-1
820,16,1412.31,0.0,179.53,158.88,1,-1,-1,-1
821,16,1407.4,0.0,188.52,160.34,1,-1,-1,-1
822,16,1417.1,0.0,182.9,161.8,1,-1,-1,-1
823,16,1444.0,3.94,159.97,158.8,1,-1,-1,-1
824,16,1470.9,7.87,137.04,155.81,1,-1,-1,-1
825,16,1468.0,11.8,143.91,152.82,1,-1,-1,-1
826,16,1466.9,10.88,148.98,154.68,1,-1,-1,-1
827,16,1463.6,13.6,156.25,152.9,1,-1,-1,-1
828,16,1469.84,14.49,159.8,153.94,1,-1,-1,-1
829,16,1463.9,9.96,163.35,154.98,1,-1,-1,-1
830,16,1457.96,5.44,166.9,156.02,1,-1,-1,-1
831,16,1456.08,2.72,170.45,157.06,1,-1,-1,-1
832,16,1454.2,0.0,174.0,158.1,1,-1,-1,-1
833,16,1451.07,0.0,174.0,152.62,1,-1,-1,-1
834,16,1447.93,0.0,174.0,147.13,1,-1,-1,-1
835,16,1442.18,0.0,174.0,143.47,1,-1,-1,-1
836,16,1436.44,0.0,174.0,139.8,1,-1,-1,-1
837,16,1428.62,0.0,178.43,135.6,1,-1,-1,-1
838,16,1420.8,0.0,182.86,131.4,1,-1,-1,-1
839,16,1407.5,0.0,199.55,130.1,1,-1,-1,-1
840,16,1394.2,0.0,216.24,128.8,1,-1,-1,-1
841,16,1379.6,0.0,230.07,130.1,1,-1,-1,-1
842,16,1365.0,0.0,243.9,131.4,1,-1,-1,-1
843,16,1363.7,0.0,237.37,133.75,1,-1,-1,-1
844,16,1362.4,0.0,230.83,136.1,1,-1,-1,-1
845,16,1345.2,0.0,239.94,140.8,1,-1,-1,-1
846,16,1315.4,0.0,261.64,145.5,1,-1,-1,-1
847,16,1301.04,0.0,267.93,148.9,1,-1,-1,-1
848,16,1286.68,0.0,274.22,152.3,1,-1,-1,-1
849,16,1275.4,0.26,282.65,154.14,1,-1,-1,-1
850,16,1292.94,0.52,262.26,155.98,1,-1,-1,-1
851,16,1308.37,0.78,252.31,153.62,1,-1,-1,-1
852,16,1323.8,1.04,242.37,151.26,1,-1,-1,-1
853,16,1340.2,0.52,226.23,148.38,1,-1,-1,-1
854,16,1329.5,0.0,237.19,145.5,1,-1,-1,-1
855,16,1318.25,0.0,246.87,142.9,1,-1,-1,-1
856,16,1307.0,0.0,256.56,140.3,1,-1,-1,-1
857,16,1287.15,0.0,266.48,138.2,1,-1,-1,-1
858,16,1267.3,0.0,276.41,136.1,1,-1,-1,-1
859,16,1255.28,0.0,276.42,137.15,1,-1,-1,-1
860,16,1243.27,0.0,276.41,138.2,1,-1,-1,-1
861,16,1223.6,0.0,289.54,137.15,1,-1,-1,-1
862,16,1225.52,0.0,281.08,136.1,1,-1,-1,-1
863,16,1229.16,0.0,282.93,133.25,1,-1,-1,-1
864,16,1232.8,0.0,284.77,130.4,1,-1,-1,-1
865,16,1255.43,0.0,264.23,130.23,1,-1,-1,-1
866,16,1278.07,0.0,243.68,130.05,1,-1,-1,-1
867,16,1300.7,0.0,223.14,129.88,1,-1,-1,-1
868,16,1292.85,0.0,230.99,131.44,1,-1,-1,-1
869,16,1285.0,0.0,238.84,133.0,1,-1,-1,-1
870,16,1272.75,0.0,249.52,123.6,1,-1,-1,-1
871,16,1260.5,0.0,260.2,114.2,1,-1,-1,-1
872,16,1249.0,0.0,273.8,113.16,1,-1,-1,-1
873,16,1237.5,0.0,287.4,112.13,1,-1,-1,-1
874,16,1242.2,0.0,284.8,111.1,1,-1,-1,-1
875,16,1261.65,0.0,270.47,115.9,1,-1,-1,-1
876,16,1281.1,0.0,256.13,120.7,1,-1,-1,-1
877,16,1284.35,0.0,258.0,125.5,1,-1,-1,-1
878,16,1287.6,0.0,259.86,130.3,1,-1,-1,-1
879,16,1273.01,0.0,272.79,135.1,1,-1,-1,-1
880,16,1261.42,0.0,281.56,137.5,1,-1,-1,-1
881,16,1249.82,0.0,290.34,139.9,1,-1,-1,-1
882,16,1238.23,0.0,299.11,142.3,1,-1,-1,-1
883,16,1226.63,0.0,307.89,144.7,1,-1,-1,-1
884,16,1215.04,0.0,316.66,147.1,1,-1,-1,-1
885,16,1222.0,0.0,307.0,152.12,1,-1,-1,-1
886,16,1247.01,0.0,279.29,157.14,1,-1,-1,-1
887,16,1263.0,0.0,280.94,162.16,1,-1,-1,-1
888,16,1301.8,0.0,246.22,167.18,1,-1,-1,-1
889,16,1332.55,0.0,219.55,172.2,1,-1,-1,-1
890,16,1314.03,0.0,240.94,181.35,1,-1,-1,-1
891,16,1295.5,0.0,262.34,190.5,1,-1,-1,-1
892,16,1294.8,0.0,255.6,196.75,1,-1,-1,-1
893,16,1261.6,0.0,275.87,203.0,1,-1,-1,-1
894,16,1243.9,0.0,282.59,204.3,1,-1,-1,-1
895,16,1226.2,0.0,289.3,205.6,1,-1,-1,-1
896,16,1247.82,0.0,268.18,204.55,1,-1,-1,-1
897,16,1269.43,0.0,247.07,203.5,1,-1,-1,-1
898,16,1295.55,1.3,224.6,203.75,1,-1,-1,-1
899,16,1321.66,2.61,202.14,203.99,1,-1,-1,-1
900,16,1312.98,1.3,210.72,208.9,1,-1,-1,-1
901,16,1304.3,0.0,219.3,213.8,1,-1,-1,-1
902,16,1281.22,0.0,238.72,221.88,1,-1,-1,-1
903,16,1258.15,0.0,258.13,229.96,1,-1,-1,-1
904,16,1242.27,5.75,272.13,230.05,1,-1,-1,-1
905,16,1227.5,3.83,281.9,244.81,1,-1,-1,-1
906,16,1230.4,1.92,282.15,259.56,1,-1,-1,-1
907,16,1233.3,0.0,282.4,274.32,1,-1,-1,-1
908,16,1257.38,6.79,266.27,280.37,1,-1,-1,-1
909,16,1281.45,13.58,250.15,286.42,1,-1,-1,-1
910,16,1294.18,12.23,238.02,302.57,1,-1,-1,-1
911,16,1306.9,10.88,225.9,318.72,1,-1,-1,-1
912,16,1296.58,32.54,235.42,315.96,1,-1,-1,-1
913,16,1278.3,54.66,248.55,309.29,1,-1,-1,-1
914,16,1260.03,76.78,261.67,302.62,1,-1,-1,-1
915,16,1238.9,77.02,283.74,316.81,1,-1,-1,-1
916,16,1234.05,77.26,289.53,331.0,1,-1,-1,-1
917,16,1229.2,77.5,295.32,345.2,1,-1,-1,-1
918,16,1248.27,92.03,277.19,333.82,1,-1,-1,-1
919,16,1267.34,106.55,259.06,322.45,1,-1,-1,-1
920,16,1288.22,118.04,238.44,314.86,1,-1,-1,-1
921,16,1309.1,129.53,217.82,307.27,1,-1,-1,-1
922,16,1295.0,176.5,225.66,262.91,1,-1,-1,-1
923,16,1280.88,165.22,233.09,269.81,1,-1,-1,-1
924,16,1266.75,153.94,240.53,276.7,1,-1,-1,-1
925,16,1252.62,142.65,247.96,283.61,1,-1,-1,-1
926,16,1238.5,131.37,255.39,290.51,1,-1,-1,-1
927,16,1232.32,120.09,254.88,297.41,1,-1,-1,-1
928,16,1246.16,115.39,246.54,296.91,1,-1,-1,-1
929,16,1260.01,110.69,238.19,296.41,1,-1,-1,-1
930,16,1284.7,113.04,216.9,293.81,1,-1,-1,-1
931,16,1278.81,115.39,226.19,291.21,1,-1,-1,-1
932,16,1260.95,118.84,241.65,285.98,1,-1,-1,-1
933,16,1243.09,122.29,257.11,280.75,1,-1,-1,-1
934,16,1225.22,125.73,272.58,275.53,1,-1,-1,-1
935,16,1207.36,129.18,288.04,270.3,1,-1,-1,-1
936,16,1189.5,132.63,303.5,265.07,1,-1,-1,-1
937,16,1196.64,123.23,296.19,269.77,1,-1,-1,-1
938,16,1203.77,113.82,288.9,274.48,1,-1,-1,-1
939,16,1210.91,104.42,281.59,279.18,1,-1,-1,-1
940,16,1235.98,108.86,256.77,265.34,1,-1,-1,-1
941,16,1261.05,113.3,231.95,251.5,1,-1,-1,-1
942,16,1274.63,114.09,216.52,243.41,1,-1,-1,-1
943,16,1288.21,114.87,201.09,235.33,1,-1,-1,-1
944,16,1283.33,146.2,201.09,197.73,1,-1,-1,-1
945,16,1278.45,142.28,201.1,195.38,1,-1,-1,-1
946,16,1273.58,138.37,201.09,193.03,1,-1,-1,-1
947,16,1270.11,113.74,211.69,218.86,1,-1,-1,-1
948,16,1301.84,112.13,187.11,220.27,1,-1,-1,-1
949,16,1333.56,110.52,162.54,221.68,1,-1,-1,-1
950,16,1330.99,120.79,161.71,210.21,1,-1,-1,-1
951,16,1328.42,131.06,160.88,198.74,1,-1,-1,-1
952,16,1325.95,137.33,164.05,186.82,1,-1,-1,-1
953,16,1323.47,143.6,167.23,174.9,1,-1,-1,-1
954,16,1321.0,128.18,170.4,190.12,1,-1,-1,-1
955,16,1335.09,127.22,160.06,191.78,1,-1,-1,-1
956,16,1349.17,126.27,149.73,193.43,1,-1,-1,-1
957,16,1334.51,126.16,157.39,196.19,1,-1,-1,-1
958,16,1319.86,126.04,165.04,198.96,1,-1,-1,-1
959,16,1314.68,123.22,170.47,205.78,1,-1,-1,-1
960,16,1309.5,120.4,175.9,212.61,1,-1,-1,-1
961,16,1336.3,124.8,146.18,211.76,1,-1,-1,-1
962,16,1331.34,119.31,146.17,218.27,1,-1,-1,-1
963,16,1326.38,113.83,146.17,224.77,1,-1,-1,-1
964,16,1322.96,132.9,146.34,207.5,1,-1,-1,-1
965,16,1291.38,136.81,168.12,207.49,1,-1,-1,-1
966,16,1287.73,146.21,165.47,204.39,1,-1,-1,-1
967,16,1270.86,126.91,175.94,233.89,1,-1,-1,-1
968,16,1262.66,135.77,182.14,235.23,1,-1,-1,-1
969,16,1262.66,143.08,186.34,237.32,1,-1,-1,-1
970,16,1292.43,151.96,162.87,239.44,1,-1,-1,-1
971,16,1289.73,173.47,166.82,227.38,1,-1,-1,-1
972,16,1287.03,194.98,170.77,215.32,1,-1,-1,-1
973,16,1281.07,203.49,176.93,209.76,1,-1,-1,-1
974,16,1275.12,212.0,183.08,204.2,1,-1,-1,-1
975,16,1269.45,209.41,182.75,207.59,1,-1,-1,-1
976,16,1247.75,204.97,202.55,213.63,1,-1,-1,-1
977,16,1239.05,202.16,206.1,219.7,1,-1,-1,-1
978,16,1230.36,199.34,209.64,225.77,1,-1,-1,-1
979,16,1217.33,195.98,231.65,231.84,1,-1,-1,-1
980,16,1215.13,202.1,243.87,237.9,1,-1,-1,-1
981,16,1261.16,194.7,214.34,251.3,1,-1,-1,-1
982,16,1307.2,208.99,173.93,242.93,1,-1,-1,-1
983,16,1302.8,212.44,189.4,245.44,1,-1,-1,-1
984,16,1290.1,215.89,200.2,247.95,1,-1,-1,-1
985,16,1258.8,219.34,232.6,250.46,1,-1,-1,-1
986,16,1255.95,206.12,242.5,263.48,1,-1,-1,-1
987,16,1253.1,192.9,252.4,276.5,1,-1,-1,-1
988,16,1277.35,190.5,239.5,278.7,1,-1,-1,-1
989,16,1301.6,188.1,226.6,280.9,1,-1,-1,-1
990,16,1320.11,207.32,217.29,261.48,1,-1,-1,-1
991,16,1346.7,209.52,197.18,258.54,1,-1,-1,-1
992,16,1347.4,211.71,202.96,255.61,1,-1,-1,-1
993,16,1337.61,213.9,219.23,252.68,1,-1,-1,-1
994,16,1327.81,216.1,235.51,249.74,1,-1,-1,-1
995,16,1318.02,218.29,251.78,246.81,1,-1,-1,-1
996,16,1319.05,213.97,260.92,247.83,1,-1,-1,-1
997,16,1320.07,209.64,270.06,248.86,1,-1,-1,-1
998,16,1321.1,205.32,279.2,249.88,1,-1,-1,-1
999,16,1340.19,205.54,275.66,241.81,1,-1,-1,-1
1000,16,1359.28,205.76,272.12,233.74,1,-1,-1,-1
1001,16,1373.12,198.86,261.68,231.02,1,-1,-1,-1
1002,16,1386.96,191.97,251.24,228.29,1,-1,-1,-1
1003,16,1400.8,185.07,240.8,225.57,1,-1,-1,-1
1004,16,1385.7,178.18,259.3,222.84,1,-1,-1,-1
1005,16,1373.38,171.29,266.92,220.11,1,-1,-1,-1
1006,16,1361.1,160.3,276.6,222.23,1,-1,-1,-1
1007,16,1371.5,147.65,289.6,226.0,1,-1,-1,-1
1008,16,1381.9,135.0,302.6,229.77,1,-1,-1,-1
1009,16,1441.0,134.52,245.3,221.38,1,-1,-1,-1
1010,16,1417.26,125.32,257.54,228.48,1,-1,-1,-1
1011,16,1372.6,133.9,292.1,218.0,1,-1,-1,-1
1012,16,1369.0,118.71,305.16,237.81,1,-1,-1,-1
1013,16,1375.8,115.4,298.04,242.48,1,-1,-1,-1
1014,16,1416.8,123.65,256.72,235.59,1,-1,-1,-1
1015,16,1453.29,123.23,219.91,237.37,1,-1,-1,-1
1016,16,1465.9,126.58,203.74,237.04,1,-1,-1,-1
1017,16,1447.35,129.92,218.73,236.72,1,-1,-1,-1
1018,16,1428.8,133.26,233.72,236.4,1,-1,-1,-1
1019,16,1410.25,136.61,248.71,236.07,1,-1,-1,-1
1020,16,1391.7,139.95,263.7,235.75,1,-1,-1,-1
1021,16,1403.25,144.12,247.15,236.28,1,-1,-1,-1
1022,16,1414.8,148.3,230.6,236.8,1,-1,-1,-1
1023,16,1390.21,152.48,239.36,237.32,1,-1,-1,-1
1024,16,1365.63,156.66,248.1,237.84,1,-1,-1,-1
1025,16,1341.04,160.84,256.86,238.36,1,-1,-1,-1
1026,16,1313.22,162.62,267.53,238.88,1,-1,-1,-1
1027,16,1285.4,164.39,278.2,239.41,1,-1,-1,-1
1028,16,1281.0,166.16,277.19,239.94,1,-1,-1,-1
1029,16,1276.6,167.94,276.18,240.46,1,-1,-1,-1
1030,16,1279.93,169.72,261.57,240.98,1,-1,-1,-1
1031,16,1267.89,162.5,267.96,253.16,1,-1,-1,-1
1032,16,1255.86,155.28,274.34,265.34,1,-1,-1,-1
1033,16,1243.83,148.06,272.07,277.52,1,-1,-1,-1
1034,16,1231.79,140.84,269.81,289.7,1,-1,-1,-1
1035,16,1219.76,133.62,267.54,301.88,1,-1,-1,-1
1036,16,1194.55,130.76,273.95,312.86,1,-1,-1,-1
1037,16,1169.33,127.91,280.37,323.83,1,-1,-1,-1
1038,16,1144.12,125.05,286.78,334.81,1,-1,-1,-1
1039,16,1118.9,122.19,293.2,345.79,1,-1,-1,-1
1040,16,1109.95,119.33,283.35,356.77,1,-1,-1,-1
1041,16,1113.26,120.23,274.18,368.65,1,-1,-1,-1
1042,16,1116.57,121.13,265.01,380.53,1,-1,-1,-1
1043,16,1119.88,122.04,255.84,392.4,1,-1,-1,-1
1044,16,1123.19,122.94,246.67,404.28,1,-1,-1,-1
1045,16,1126.5,123.84,237.5,416.16,1,-1,-1,-1
1046,16,1111.46,131.81,232.38,410.75,1,-1,-1,-1
1047,16,1096.42,139.78,227.26,405.34,1,-1,-1,-1
1048,16,1081.37,147.76,222.15,399.92,1,-1,-1,-1
1049,16,1066.33,155.73,217.03,394.51,1,-1,-1,-1
1050,16,1051.29,163.7,211.91,389.1,1,-1,-1,-1
1051,16,1035.4,165.5,214.64,387.14,1,-1,-1,-1
1052,16,1019.52,167.31,217.36,385.17,1,-1,-1,-1
1053,16,1016.11,169.12,220.09,383.2,1,-1,-1,-1
1054,16,1012.7,170.92,222.82,381.24,1,-1,-1,-1
1055,16,1016.69,172.73,211.91,379.27,1,-1,-1,-1
1056,16,1015.59,155.13,212.66,395.97,1,-1,-1,-1
1057,16,1009.81,137.53,213.41,412.67,1,-1,-1,-1
1058,16,1004.02,119.93,214.18,429.37,1,-1,-1,-1
1059,16,982.9,102.33,229.2,446.07,1,-1,-1,-1
1060,16,961.79,84.73,244.21,462.77,1,-1,-1,-1
1061,16,951.3,81.06,250.33,471.67,1,-1,-1,-1
1062,16,959.5,77.4,237.77,480.57,1,-1,-1,-1
1063,16,967.7,73.73,225.2,489.47,1,-1,-1,-1
1064,16,957.98,88.25,227.92,486.65,1,-1,-1,-1
1065,16,948.25,102.78,230.65,483.82,1,-1,-1,-1
1066,16,937.7,113.45,259.73,498.02,1,-1,-1,-1
1067,16,927.15,124.13,288.82,512.21,1,-1,-1,-1
1068,16,916.6,134.8,317.9,526.41,1,-1,-1,-1
1069,16,906.05,137.1,334.55,548.98,1,-1,-1,-1
1070,16,899.4,122.34,311.84,586.66,1,-1,-1,-1
1071,16,905.03,101.5,289.74,640.45,1,-1,-1,-1
1072,16,910.66,80.66,267.64,694.24,1,-1,-1,-1
1073,16,892.9,99.59,273.6,717.65,1,-1,-1,-1
1074,16,890.74,92.01,277.76,761.31,1,-1,-1,-1
1075,16,888.57,84.43,281.93,804.97,1,-1,-1,-1
1076,16,882.59,78.45,307.11,851.75,1,-1,-1,-1
1077,16,903.9,117.31,303.1,842.02,1,-1,-1,-1
1078,16,925.22,156.17,299.08,832.28,1,-1,-1,-1
1079,16,946.54,195.03,295.06,822.55,1,-1,-1,-1
1080,16,967.85,233.89,291.05,812.81,1,-1,-1,-1
1081,16,913.37,227.61,360.63,852.39,1,-1,-1,-1
1082,16,912.69,242.39,413.81,837.61,1,-1,-1,-1
1083,16,912.02,257.17,466.98,822.83,1,-1,-1,-1
1084,16,991.6,296.7,430.3,783.3,1,-1,-1,-1
1085,16,1065.17,361.15,377.13,718.85,1,-1,-1,-1
1086,16,1089.4,426.8,381.47,653.2,1,-1,-1,-1
1087,16,1084.38,435.55,415.05,644.45,1,-1,-1,-1
1088,16,1079.36,444.29,448.64,635.71,1,-1,-1,-1
1089,16,1075.07,447.63,480.58,632.37,1,-1,-1,-1
1090,16,1070.78,450.98,512.52,629.02,1,-1,-1,-1
1091,16,1112.59,481.96,490.91,598.04,1,-1,-1,-1
1092,16,1171.99,503.46,455.71,576.54,1,-1,-1,-1
1093,16,1231.39,524.96,420.51,555.04,1,-1,-1,-1
1094,16,1290.8,546.45,385.3,533.55,1,-1,-1,-1
1095,16,1350.2,567.95,350.1,512.05,1,-1,-1,-1
1096,16,1388.1,567.95,330.6,512.05,1,-1,-1,-1
1097,16,1367.16,583.47,355.14,496.53,1,-1,-1,-1
1098,16,1346.22,599.0,379.68,481.0,1,-1,-1,-1
1099,16,1325.28,614.52,404.22,465.48,1,-1,-1,-1
1100,16,1350.2,612.89,377.15,467.11,1,-1,-1,-1
1101,16,1411.93,611.27,313.27,468.73,1,-1,-1,-1
1102,16,1492.07,615.6,233.13,464.4,1,-1,-1,-1
1103,16,1503.98,636.18,233.13,443.82,1,-1,-1,-1
1104,16,1467.16,727.15,273.24,352.85,1,-1,-1,-1
1105,16,1404.3,735.8,316.6,344.2,1,-1,-1,-1
1106,16,1408.7,661.6,305.15,418.4,1,-1,-1,-1
1107,16,1460.66,689.25,246.14,390.75,1,-1,-1,-1
1108,16,1488.9,698.6,207.27,381.4,1,-1,-1,-1
1109,16,1467.4,820.5,218.15,259.5,1,-1,-1,-1
1110,16,1441.6,817.9,233.33,262.1,1,-1,-1,-1
1111,16,1373.2,800.2,291.1,279.8,1,-1,-1,-1
1112,16,1335.03,741.23,307.87,338.77,1,-1,-1,-1
1113,16,1333.81,743.79,283.99,336.21,1,-1,-1,-1
1114,16,1347.2,752.85,260.1,327.15,1,-1,-1,-1
1115,16,1360.59,761.91,236.21,318.09,1,-1,-1,-1
1116,16,1374.89,765.92,203.71,313.0,1,-1,-1,-1
1117,16,1368.61,883.11,200.69,196.89,1,-1,-1,-1
1118,16,1341.53,856.04,223.47,223.96,1,-1,-1,-1
1119,16,1305.62,823.76,239.88,256.24,1,-1,-1,-1
1120,16,1269.72,791.49,256.28,288.51,1,-1,-1,-1
1121,16,1233.81,759.22,272.69,320.78,1,-1,-1,-1
1122,16,1197.9,726.94,289.1,353.06,1,-1,-1,-1
1123,16,1187.74,694.66,279.76,385.34,1,-1,-1,-1
1124,16,1201.39,695.89,251.39,384.11,1,-1,-1,-1
1125,16,1215.05,697.12,223.0,382.88,1,-1,-1,-1
1126,16,1228.7,698.35,194.63,381.65,1,-1,-1,-1
1127,16,1193.6,766.36,217.72,313.64,1,-1,-1,-1
1128,16,1158.5,834.37,240.8,245.63,1,-1,-1,-1
1129,16,1076.19,796.47,311.81,283.53,1,-1,-1,-1
1130,16,1051.28,787.8,329.62,292.2,1,-1,-1,-1
1131,16,1044.24,733.65,314.46,346.35,1,-1,-1,-1
1132,16,1136.84,759.64,175.86,320.36,1,-1,-1,-1
1133,16,1154.69,769.62,157.13,310.38,1,-1,-1,-1
1134,16,1098.9,881.41,138.4,198.59,1,-1,-1,-1
1135,16,1016.57,867.57,220.43,212.43,1,-1,-1,-1
1136,16,983.7,835.67,252.6,244.33,1,-1,-1,-1
1137,16,1025.29,845.2,225.71,234.8,1,-1,-1,-1
1138,16,1097.85,885.28,169.4,194.72,1,-1,-1,-1
1139,16,1170.41,925.35,113.09,154.65,1,-1,-1,-1
